user,district,is_industrial,timeslot,power,bill,seed
0,0,0,0,53,106,369158612
1,0,0,0,44,88,2124997577
2,0,0,0,84,168,850752742
3,0,1,0,1260,2520,1309105349
4,0,0,0,159,318,81997438
5,0,0,0,35,70,1023753227
6,0,0,0,169,338,249228623
7,0,0,0,113,226,2051475796
8,0,0,0,41,82,1354561659
9,0,1,0,1850,3700,1780150162
10,1,0,0,130,260,31835742
11,1,0,0,131,262,1019112132
12,1,0,0,169,338,388658632
13,1,0,0,101,202,420924609
14,1,0,0,10,20,36717428
15,1,1,0,1780,3560,2134878416
16,1,1,0,750,1500,1210844734
17,1,1,0,420,840,1517787062
18,1,1,0,1620,3240,1311292862
19,1,1,0,1750,3500,2131870298
20,2,0,0,5,10,1518240533
21,2,0,0,89,178,1183407330
22,2,0,0,105,210,2049316400
23,2,1,0,1140,2280,1410510552
24,2,0,0,124,248,600976203
25,2,0,0,46,92,1084516467
26,2,0,0,69,138,2002565970
27,2,0,0,44,88,578627527
28,2,0,0,171,342,1207267080
29,2,1,0,1710,3420,1293643506
30,3,0,0,72,144,1931324067
31,3,0,0,15,30,1584178870
32,3,0,0,19,38,1365953968
33,3,1,0,950,1900,141718942
34,3,0,0,20,40,278336415
35,3,0,0,171,342,1290027385
36,3,0,0,117,234,496458813
37,3,0,0,163,326,853306221
38,3,0,0,169,338,806161563
39,3,0,0,164,328,305461583
40,4,0,0,48,96,1956298723
41,4,0,0,93,186,1858918434
42,4,0,0,175,350,1353072805
43,4,1,0,1600,3200,331281021
44,4,0,0,126,252,2119048696
45,4,1,0,90,180,1322684235
46,4,0,0,111,222,1984108509
47,4,0,0,170,340,2041450245
48,4,0,0,182,364,2141821632
49,4,0,0,80,160,906643473
50,5,0,0,4,8,104729929
51,5,0,0,63,126,311280742
52,5,0,0,164,328,445761455
53,5,0,0,108,216,1063933940
54,5,0,0,51,102,1829779882
55,5,0,0,38,76,128354544
56,5,0,0,112,224,1614773096
57,5,0,0,164,328,10293913
58,5,0,0,187,374,208665049
59,5,0,0,118,236,1530098606
60,6,0,0,119,238,28767948
61,6,0,0,102,204,1890412469
62,6,0,0,55,110,1971389493
63,6,0,0,74,148,919857856
64,6,0,0,86,172,1913216655
65,6,0,0,67,134,931798450
66,6,0,0,69,138,849967397
67,6,0,0,187,374,1261303124
68,6,0,0,134,268,1117472198
69,6,0,0,172,344,303235352
70,7,0,0,35,70,826741635
71,7,0,0,167,334,1085032103
72,7,0,0,139,278,852659238
73,7,0,0,188,376,682405356
74,7,1,0,870,1740,1398699019
75,7,0,0,65,130,1669247358
76,7,0,0,146,292,1201953106
77,7,0,0,6,12,1425328866
78,7,0,0,169,338,868401207
79,7,0,0,53,106,1579635868
80,8,1,0,440,880,2030086340
81,8,1,0,1770,3540,894091681
82,8,0,0,47,94,842882939
83,8,0,0,46,92,1272925228
84,8,0,0,160,320,2020002789
85,8,0,0,79,158,1149871272
86,8,0,0,112,224,1994159090
87,8,0,0,102,204,761417303
88,8,0,0,13,26,1203305551
89,8,0,0,37,74,1478677278
90,9,1,0,1620,3240,1023838299
91,9,0,0,6,12,648866257
92,9,0,0,57,114,169350705
93,9,0,0,73,146,961659986
94,9,1,0,640,1280,203906959
95,9,0,0,8,16,1077112530
96,9,1,0,1880,3760,47776480
97,9,0,0,25,50,2043114121
98,9,0,0,44,88,1677910922
99,9,0,0,24,48,1988802913
0,0,0,1,86,172,353256053
1,0,0,1,55,110,620275726
2,0,0,1,74,148,2021256114
3,0,1,1,1260,2520,1915590274
4,0,0,1,152,304,1716759213
5,0,0,1,92,184,1158774387
6,0,0,1,16,32,1206363723
7,0,0,1,13,26,1059572028
8,0,0,1,154,308,1305540916
9,0,1,1,370,740,1445820410
10,1,0,1,6,12,70539012
11,1,0,1,114,228,2016436322
12,1,0,1,46,92,567061071
13,1,0,1,155,310,1336627051
14,1,0,1,54,108,1504727865
15,1,1,1,1630,3260,1558881957
16,1,1,1,620,1240,1177150833
17,1,1,1,710,1420,925821742
18,1,1,1,1130,2260,1720659388
19,1,1,1,1160,2320,2110474735
20,2,0,1,135,270,718061168
21,2,0,1,48,96,1994319535
22,2,0,1,49,98,1819251256
23,2,1,1,1580,3160,61583279
24,2,0,1,14,28,1891609208
25,2,0,1,26,52,798654796
26,2,0,1,8,16,1609447144
27,2,0,1,36,72,103221129
28,2,0,1,43,86,780904757
29,2,1,1,940,1880,2021713717
30,3,0,1,194,388,1179130053
31,3,0,1,86,172,2102997042
32,3,0,1,127,254,1396188425
33,3,1,1,380,760,212661384
34,3,0,1,113,226,513844200
35,3,0,1,56,112,1357381125
36,3,0,1,181,362,497830903
37,3,0,1,92,184,1308634536
38,3,0,1,55,110,223036091
39,3,0,1,152,304,915696027
40,4,0,1,157,314,1670677465
41,4,0,1,7,14,2071317154
42,4,0,1,180,360,835924600
43,4,1,1,70,140,322676658
44,4,0,1,61,122,1150830081
45,4,1,1,630,1260,1027468124
46,4,0,1,118,236,1585865701
47,4,0,1,192,384,198691828
48,4,0,1,171,342,1836604028
49,4,0,1,182,364,1060844707
50,5,0,1,117,234,184183118
51,5,0,1,79,158,186403283
52,5,0,1,189,378,298063549
53,5,0,1,44,88,1733939787
54,5,0,1,53,106,659070311
55,5,0,1,62,124,820557085
56,5,0,1,7,14,1935596810
57,5,0,1,59,118,1169723351
58,5,0,1,36,72,216481046
59,5,0,1,112,224,1060479124
60,6,0,1,148,296,721121023
61,6,0,1,149,298,200915767
62,6,0,1,30,60,1749963118
63,6,0,1,143,286,1989482903
64,6,0,1,108,216,113140447
65,6,0,1,58,116,192329878
66,6,0,1,74,148,874655802
67,6,0,1,126,252,457540831
68,6,0,1,93,186,1158117705
69,6,0,1,36,72,1343550601
70,7,0,1,197,394,1330099088
71,7,0,1,25,50,1891370129
72,7,0,1,119,238,970356439
73,7,0,1,155,310,282726398
74,7,1,1,420,840,996041876
75,7,0,1,155,310,752942897
76,7,0,1,116,232,260546995
77,7,0,1,164,328,1049101023
78,7,0,1,146,292,253760493
79,7,0,1,154,308,1013991549
80,8,1,1,1500,3000,1713087359
81,8,1,1,330,660,2138713456
82,8,0,1,119,238,695738560
83,8,0,1,60,120,1096454949
84,8,0,1,29,58,542825877
85,8,0,1,145,290,1419754140
86,8,0,1,69,138,1936310756
87,8,0,1,142,284,2038242000
88,8,0,1,3,6,1705855674
89,8,0,1,87,174,968900740
90,9,1,1,1600,3200,475065496
91,9,0,1,5,10,1217046680
92,9,0,1,152,304,1857467604
93,9,0,1,14,28,1992052019
94,9,1,1,1910,3820,632191873
95,9,0,1,124,248,2130108341
96,9,1,1,1220,2440,1591684005
97,9,0,1,136,272,294715747
98,9,0,1,172,344,1326015534
99,9,0,1,171,342,1682362821
0,0,0,2,142,284,146210506
1,0,0,2,33,66,1119716315
2,0,0,2,110,220,842335868
3,0,1,2,860,1720,2011569462
4,0,0,2,41,82,1420362100
5,0,0,2,7,14,702499792
6,0,0,2,87,174,427040822
7,0,0,2,180,360,1121853361
8,0,0,2,68,136,1403231062
9,0,1,2,440,880,290487570
10,1,0,2,169,338,337981008
11,1,0,2,170,340,1005231600
12,1,0,2,40,80,1859789725
13,1,0,2,3,6,543328586
14,1,0,2,130,260,1689752315
15,1,1,2,1020,2040,1333605747
16,1,1,2,810,1620,1615371672
17,1,1,2,1180,2360,1553792116
18,1,1,2,260,520,263246718
19,1,1,2,1380,2760,815505738
20,2,0,2,23,46,649203307
21,2,0,2,194,388,324988738
22,2,0,2,76,152,526403882
23,2,1,2,550,1100,212042693
24,2,0,2,13,26,2037271883
25,2,0,2,91,182,1274193332
26,2,0,2,141,282,1735304234
27,2,0,2,146,292,1698195305
28,2,0,2,122,244,289264557
29,2,1,2,1010,2020,326715485
30,3,0,2,116,232,1727571841
31,3,0,2,191,382,776749201
32,3,0,2,101,202,2008599494
33,3,1,2,800,1600,416835113
34,3,0,2,27,54,502789637
35,3,0,2,44,88,677179715
36,3,0,2,120,240,839052863
37,3,0,2,24,48,137178121
38,3,0,2,164,328,1631581848
39,3,0,2,179,358,1172354769
40,4,0,2,22,44,1463219947
41,4,0,2,26,52,1047441928
42,4,0,2,68,136,1755672434
43,4,1,2,1130,2260,1295559089
44,4,0,2,68,136,1449942111
45,4,1,2,1150,2300,1945613429
46,4,0,2,145,290,2072353612
47,4,0,2,2,4,969824897
48,4,0,2,106,212,1156241305
49,4,0,2,195,390,2128289423
50,5,0,2,16,32,1119472797
51,5,0,2,28,56,1878277937
52,5,0,2,152,304,830820791
53,5,0,2,25,50,977460086
54,5,0,2,153,306,126185734
55,5,0,2,20,40,1357457769
56,5,0,2,133,266,84554080
57,5,0,2,48,96,1635670484
58,5,0,2,79,158,1435953165
59,5,0,2,87,174,1190965174
60,6,0,2,46,92,1628090027
61,6,0,2,160,320,729388335
62,6,0,2,27,54,1775682695
63,6,0,2,123,246,166329037
64,6,0,2,83,166,1747342572
65,6,0,2,62,124,2084545832
66,6,0,2,95,190,1088176612
67,6,0,2,177,354,958301435
68,6,0,2,33,66,326443237
69,6,0,2,100,200,1151507793
70,7,0,2,169,338,958490648
71,7,0,2,57,114,805411332
72,7,0,2,107,214,182679985
73,7,0,2,20,40,1005987973
74,7,1,2,1290,2580,1931087293
75,7,0,2,45,90,941423451
76,7,0,2,172,344,108511270
77,7,0,2,16,32,72971765
78,7,0,2,83,166,1600939742
79,7,0,2,113,226,1094207073
80,8,1,2,1910,3820,1361929473
81,8,1,2,130,260,1487647387
82,8,0,2,28,56,1801823383
83,8,0,2,93,186,1036553535
84,8,0,2,125,250,577732647
85,8,0,2,35,70,753153523
86,8,0,2,28,56,102583014
87,8,0,2,140,280,1008548642
88,8,0,2,182,364,1584942673
89,8,0,2,163,326,1494440404
90,9,1,2,110,220,1281604177
91,9,0,2,137,274,410208717
92,9,0,2,80,160,1485309014
93,9,0,2,135,270,86240757
94,9,1,2,1620,3240,1136596200
95,9,0,2,100,200,555292753
96,9,1,2,1410,2820,1489655185
97,9,0,2,18,36,984530784
98,9,0,2,130,260,1826466979
99,9,0,2,1,2,599759564
0,0,0,3,66,132,2100005755
1,0,0,3,178,356,1718817254
2,0,0,3,31,62,1593939784
3,0,1,3,670,1340,2088529581
4,0,0,3,42,84,1069086491
5,0,0,3,33,66,1724113521
6,0,0,3,93,186,11741276
7,0,0,3,187,374,751488737
8,0,0,3,166,332,959552355
9,0,1,3,650,1300,682698477
10,1,0,3,19,38,961466557
11,1,0,3,23,46,1049099149
12,1,0,3,154,308,1756476502
13,1,0,3,156,312,1555434695
14,1,0,3,163,326,1152697031
15,1,1,3,230,460,1187576925
16,1,1,3,1790,3580,588891205
17,1,1,3,1660,3320,298477596
18,1,1,3,340,680,1842481898
19,1,1,3,1270,2540,1516490288
20,2,0,3,33,66,436741273
21,2,0,3,137,274,376263461
22,2,0,3,153,306,12635397
23,2,1,3,40,80,2042743348
24,2,0,3,83,166,1472645
25,2,0,3,154,308,1729242393
26,2,0,3,90,180,2010417875
27,2,0,3,46,92,1587700730
28,2,0,3,82,164,1714716399
29,2,1,3,210,420,1796232884
30,3,0,3,140,280,1489724836
31,3,0,3,199,398,967626449
32,3,0,3,172,344,1100376447
33,3,1,3,620,1240,1937361810
34,3,0,3,164,328,1367467188
35,3,0,3,155,310,1062142391
36,3,0,3,140,280,1253309238
37,3,0,3,47,94,135487255
38,3,0,3,128,256,1255652434
39,3,0,3,52,104,577603157
40,4,0,3,25,50,1343364006
41,4,0,3,71,142,1097519529
42,4,0,3,154,308,513189452
43,4,1,3,30,60,2209582
44,4,0,3,35,70,496287114
45,4,1,3,460,920,292946973
46,4,0,3,174,348,1909589131
47,4,0,3,28,56,795576250
48,4,0,3,47,94,1030236451
49,4,0,3,111,222,1785594916
50,5,0,3,45,90,1324753853
51,5,0,3,110,220,1320806686
52,5,0,3,129,258,1713376562
53,5,0,3,96,192,958427475
54,5,0,3,43,86,500812043
55,5,0,3,58,116,1149508255
56,5,0,3,191,382,27135284
57,5,0,3,46,92,2129467246
58,5,0,3,170,340,1538021115
59,5,0,3,25,50,1329691120
60,6,0,3,187,374,606150931
61,6,0,3,194,388,2104968679
62,6,0,3,180,360,1434071812
63,6,0,3,190,380,1898296866
64,6,0,3,52,104,251735377
65,6,0,3,177,354,1846401957
66,6,0,3,129,258,970199543
67,6,0,3,48,96,611675230
68,6,0,3,6,12,399237322
69,6,0,3,95,190,1013546151
70,7,0,3,109,218,277715367
71,7,0,3,160,320,1743887380
72,7,0,3,112,224,28826645
73,7,0,3,14,28,961286013
74,7,1,3,1550,3100,361795484
75,7,0,3,101,202,1728611120
76,7,0,3,5,10,1322446012
77,7,0,3,102,204,1818784714
78,7,0,3,98,196,1825776334
79,7,0,3,143,286,342547613
80,8,1,3,1460,2920,1651405675
81,8,1,3,1270,2540,677252437
82,8,0,3,187,374,905781600
83,8,0,3,30,60,503623200
84,8,0,3,188,376,996244685
85,8,0,3,184,368,349699595
86,8,0,3,112,224,1243756664
87,8,0,3,175,350,2139915790
88,8,0,3,76,152,1113216784
89,8,0,3,61,122,1764519738
90,9,1,3,1270,2540,1114362208
91,9,0,3,36,72,1331928035
92,9,0,3,70,140,1406789172
93,9,0,3,156,312,1196824412
94,9,1,3,1330,2660,1002174838
95,9,0,3,20,40,2015165546
96,9,1,3,780,1560,1581081721
97,9,0,3,163,326,1388190826
98,9,0,3,92,184,1569240237
99,9,0,3,176,352,923552865
0,0,0,4,116,232,2123850909
1,0,0,4,44,88,2123395107
2,0,0,4,104,208,1233370721
3,0,1,4,750,1500,435394017
4,0,0,4,86,172,278641842
5,0,0,4,161,322,497096528
6,0,0,4,58,116,1473210697
7,0,0,4,72,144,2097337210
8,0,0,4,96,192,159814953
9,0,1,4,1700,3400,1101351438
10,1,0,4,46,92,1290545096
11,1,0,4,72,144,125322753
12,1,0,4,118,236,881939963
13,1,0,4,78,156,493584775
14,1,0,4,175,350,920739599
15,1,1,4,150,300,588530312
16,1,1,4,1420,2840,1187514547
17,1,1,4,750,1500,1610111068
18,1,1,4,30,60,1780997792
19,1,1,4,900,1800,886604757
20,2,0,4,118,236,1200432549
21,2,0,4,187,374,1428607702
22,2,0,4,62,124,289229498
23,2,1,4,990,1980,2013324677
24,2,0,4,9,18,907753784
25,2,0,4,159,318,1512357213
26,2,0,4,10,20,260998522
27,2,0,4,54,108,1806033704
28,2,0,4,76,152,2014154708
29,2,1,4,1610,3220,2091531144
30,3,0,4,100,200,515353752
31,3,0,4,127,254,1712961144
32,3,0,4,108,216,2115404237
33,3,1,4,520,1040,1315588414
34,3,0,4,187,374,1825474018
35,3,0,4,171,342,1661151329
36,3,0,4,188,376,217640857
37,3,0,4,90,180,999277445
38,3,0,4,4,8,1353480040
39,3,0,4,60,120,170236001
40,4,0,4,34,68,45611487
41,4,0,4,178,356,552583642
42,4,0,4,10,20,407774847
43,4,1,4,1020,2040,1478121146
44,4,0,4,152,304,939219527
45,4,1,4,600,1200,459709198
46,4,0,4,76,152,346899779
47,4,0,4,14,28,1606167285
48,4,0,4,180,360,345491171
49,4,0,4,177,354,1216956027
50,5,0,4,146,292,1224402957
51,5,0,4,58,116,143949348
52,5,0,4,103,206,1056771714
53,5,0,4,111,222,1742922437
54,5,0,4,112,224,1026542915
55,5,0,4,180,360,260746269
56,5,0,4,36,72,2072320679
57,5,0,4,11,22,1409504344
58,5,0,4,170,340,1232859016
59,5,0,4,81,162,824458365
60,6,0,4,109,218,1257976496
61,6,0,4,195,390,757501591
62,6,0,4,38,76,46389156
63,6,0,4,150,300,2065952195
64,6,0,4,104,208,683160385
65,6,0,4,165,330,563062405
66,6,0,4,153,306,374734837
67,6,0,4,90,180,1445113508
68,6,0,4,95,190,1790241431
69,6,0,4,124,248,120777689
70,7,0,4,162,324,202274692
71,7,0,4,17,34,575224002
72,7,0,4,47,94,1343419977
73,7,0,4,190,380,981082445
74,7,1,4,1410,2820,969781106
75,7,0,4,114,228,413155524
76,7,0,4,194,388,1621004381
77,7,0,4,2,4,183440115
78,7,0,4,3,6,966400662
79,7,0,4,147,294,978573721
80,8,1,4,1760,3520,157244152
81,8,1,4,1360,2720,742395945
82,8,0,4,64,128,553459081
83,8,0,4,31,62,191904731
84,8,0,4,160,320,694469833
85,8,0,4,57,114,1095824032
86,8,0,4,27,54,1947426507
87,8,0,4,153,306,1627938141
88,8,0,4,161,322,62942028
89,8,0,4,53,106,1253049366
90,9,1,4,1820,3640,1169814339
91,9,0,4,193,386,83129615
92,9,0,4,79,158,2017406480
93,9,0,4,22,44,671116559
94,9,1,4,920,1840,81013177
95,9,0,4,145,290,1325283578
96,9,1,4,750,1500,1152962354
97,9,0,4,100,200,1006246339
98,9,0,4,103,206,385435857
99,9,0,4,104,208,377806066
0,0,0,5,22,44,1499119541
1,0,0,5,123,246,293379550
2,0,0,5,42,84,1189347101
3,0,1,5,1150,2300,621931191
4,0,0,5,134,268,634992841
5,0,0,5,35,70,4815358
6,0,0,5,17,34,1005961149
7,0,0,5,180,360,266287154
8,0,0,5,31,62,1340796872
9,0,1,5,360,720,1555647502
10,1,0,5,33,66,594126288
11,1,0,5,44,88,496275722
12,1,0,5,132,264,728536003
13,1,0,5,180,360,595336824
14,1,0,5,73,146,177990822
15,1,1,5,850,1700,157384536
16,1,1,5,880,1760,570758351
17,1,1,5,110,220,381968410
18,1,1,5,1020,2040,824287090
19,1,1,5,970,1940,1633503713
20,2,0,5,71,142,1973098907
21,2,0,5,151,302,1559822164
22,2,0,5,112,224,285875203
23,2,1,5,0,0,471274999
24,2,0,5,47,94,2114249271
25,2,0,5,121,242,974873691
26,2,0,5,171,342,429918936
27,2,0,5,99,198,691009802
28,2,0,5,68,136,1754408363
29,2,1,5,540,1080,973841651
30,3,0,5,196,392,865695881
31,3,0,5,94,188,557930895
32,3,0,5,53,106,1561968580
33,3,1,5,40,80,14787033
34,3,0,5,17,34,313959836
35,3,0,5,188,376,1578729479
36,3,0,5,109,218,317134797
37,3,0,5,172,344,322693424
38,3,0,5,95,190,380647702
39,3,0,5,35,70,796596748
40,4,0,5,79,158,221022264
41,4,0,5,161,322,1899303527
42,4,0,5,174,348,1282979638
43,4,1,5,160,320,1493525895
44,4,0,5,108,216,905758124
45,4,1,5,800,1600,1715121240
46,4,0,5,23,46,516388160
47,4,0,5,135,270,1298227941
48,4,0,5,63,126,1764889834
49,4,0,5,142,284,1647294025
50,5,0,5,138,276,995982979
51,5,0,5,94,188,1966394522
52,5,0,5,16,32,1417081891
53,5,0,5,120,240,1061164092
54,5,0,5,15,30,581462984
55,5,0,5,80,160,330699596
56,5,0,5,147,294,923289545
57,5,0,5,186,372,785781694
58,5,0,5,34,68,1280643684
59,5,0,5,65,130,1436312034
60,6,0,5,155,310,2008926059
61,6,0,5,18,36,1338474991
62,6,0,5,129,258,1189281499
63,6,0,5,95,190,1399451902
64,6,0,5,82,164,654821237
65,6,0,5,193,386,774542390
66,6,0,5,190,380,1314649777
67,6,0,5,188,376,534068364
68,6,0,5,67,134,278004323
69,6,0,5,19,38,1606710349
70,7,0,5,176,352,534514766
71,7,0,5,3,6,528040757
72,7,0,5,164,328,933455442
73,7,0,5,49,98,1057858860
74,7,1,5,910,1820,1836176863
75,7,0,5,123,246,411546320
76,7,0,5,185,370,1278430056
77,7,0,5,58,116,1574271309
78,7,0,5,85,170,1406985809
79,7,0,5,97,194,600339027
80,8,1,5,140,280,124586121
81,8,1,5,900,1800,1650984344
82,8,0,5,139,278,1253470342
83,8,0,5,50,100,191522358
84,8,0,5,109,218,277216395
85,8,0,5,157,314,1572655207
86,8,0,5,160,320,1526693241
87,8,0,5,43,86,807025936
88,8,0,5,193,386,480119892
89,8,0,5,36,72,413742292
90,9,1,5,500,1000,177959206
91,9,0,5,156,312,1655629115
92,9,0,5,140,280,737231152
93,9,0,5,33,66,997736623
94,9,1,5,710,1420,987887460
95,9,0,5,132,264,1202502962
96,9,1,5,1300,2600,280596197
97,9,0,5,52,104,1860413359
98,9,0,5,189,378,1453804091
99,9,0,5,107,214,172686845
0,0,0,6,131,262,256986324
1,0,0,6,167,334,1573073448
2,0,0,6,134,268,2110097555
3,0,1,6,0,0,7771909
4,0,0,6,14,28,906474826
5,0,0,6,35,70,1102179308
6,0,0,6,72,144,1862753831
7,0,0,6,23,46,504223812
8,0,0,6,92,184,1208408082
9,0,1,6,490,980,496195885
10,1,0,6,119,238,1957307129
11,1,0,6,42,84,825422833
12,1,0,6,78,156,1394585612
13,1,0,6,9,18,10561774
14,1,0,6,70,140,846111780
15,1,1,6,90,180,1226153255
16,1,1,6,1730,3460,155970085
17,1,1,6,460,920,478841252
18,1,1,6,1750,3500,1819580089
19,1,1,6,40,80,31263563
20,2,0,6,134,268,347708280
21,2,0,6,28,56,1049413493
22,2,0,6,81,162,1016983155
23,2,1,6,1450,2900,433541188
24,2,0,6,12,24,1776761852
25,2,0,6,87,174,1569210407
26,2,0,6,162,324,520468339
27,2,0,6,38,76,1800569278
28,2,0,6,59,118,1449659635
29,2,1,6,230,460,1866769514
30,3,0,6,184,368,195141492
31,3,0,6,106,212,278123381
32,3,0,6,128,256,1834175497
33,3,1,6,1890,3780,150369994
34,3,0,6,126,252,1800496303
35,3,0,6,105,210,459104629
36,3,0,6,111,222,2080341086
37,3,0,6,102,204,625007289
38,3,0,6,136,272,1787644598
39,3,0,6,43,86,1405911856
40,4,0,6,28,56,1045815183
41,4,0,6,94,188,769522717
42,4,0,6,190,380,1840761623
43,4,1,6,1040,2080,502345806
44,4,0,6,158,316,1142950504
45,4,1,6,1510,3020,92504143
46,4,0,6,153,306,2120829238
47,4,0,6,69,138,266833633
48,4,0,6,35,70,2099024379
49,4,0,6,174,348,1109010307
50,5,0,6,106,212,678544102
51,5,0,6,71,142,1660320934
52,5,0,6,186,372,1089844001
53,5,0,6,17,34,427204058
54,5,0,6,62,124,1803240013
55,5,0,6,175,350,1419847428
56,5,0,6,25,50,346042720
57,5,0,6,133,266,2061075196
58,5,0,6,5,10,1187473772
59,5,0,6,57,114,1173045945
60,6,0,6,82,164,207289046
61,6,0,6,68,136,1445490492
62,6,0,6,156,312,798198397
63,6,0,6,54,108,1005737039
64,6,0,6,132,264,1121798416
65,6,0,6,193,386,2016357236
66,6,0,6,13,26,1902564187
67,6,0,6,98,196,132366099
68,6,0,6,71,142,189139831
69,6,0,6,88,176,2058418535
70,7,0,6,175,350,1468225067
71,7,0,6,64,128,740987996
72,7,0,6,199,398,1577583005
73,7,0,6,146,292,1660004883
74,7,1,6,1900,3800,95310208
75,7,0,6,81,162,1557718700
76,7,0,6,191,382,269251447
77,7,0,6,76,152,1379739717
78,7,0,6,161,322,550325028
79,7,0,6,109,218,375612175
80,8,1,6,580,1160,1411215163
81,8,1,6,1880,3760,1505914179
82,8,0,6,124,248,1986976367
83,8,0,6,172,344,788649083
84,8,0,6,166,332,155568544
85,8,0,6,21,42,1346600731
86,8,0,6,175,350,1922960570
87,8,0,6,177,354,595508436
88,8,0,6,158,316,1647620953
89,8,0,6,85,170,1992009034
90,9,1,6,1060,2120,827014592
91,9,0,6,125,250,1115105509
92,9,0,6,179,358,1550633962
93,9,0,6,34,68,854544515
94,9,1,6,1000,2000,294912823
95,9,0,6,69,138,2059966937
96,9,1,6,1570,3140,1513626465
97,9,0,6,21,42,907965753
98,9,0,6,180,360,738162503
99,9,0,6,195,390,664795927
0,0,0,7,173,346,1728906446
1,0,0,7,62,124,1529354686
2,0,0,7,177,354,277558120
3,0,1,7,1920,3840,895788305
4,0,0,7,23,46,808309464
5,0,0,7,181,362,1519955877
6,0,0,7,21,42,1185777252
7,0,0,7,182,364,1947849291
8,0,0,7,197,394,786829879
9,0,1,7,1680,3360,246945260
10,1,0,7,107,214,536881716
11,1,0,7,23,46,386094621
12,1,0,7,72,144,1694370357
13,1,0,7,44,88,1116467505
14,1,0,7,155,310,1179362958
15,1,1,7,1610,3220,1448679016
16,1,1,7,1880,3760,993480446
17,1,1,7,950,1900,1155702066
18,1,1,7,930,1860,1383057707
19,1,1,7,530,1060,954891346
20,2,0,7,103,206,1371685985
21,2,0,7,61,122,530546513
22,2,0,7,150,300,2084517452
23,2,1,7,1490,2980,179693562
24,2,0,7,84,168,77752734
25,2,0,7,192,384,2136254499
26,2,0,7,188,376,1911079551
27,2,0,7,33,66,1614217719
28,2,0,7,49,98,1129983852
29,2,1,7,1160,2320,438001797
30,3,0,7,144,288,1886812327
31,3,0,7,115,230,1797402009
32,3,0,7,21,42,298763892
33,3,1,7,920,1840,892421505
34,3,0,7,61,122,986431470
35,3,0,7,186,372,1937879417
36,3,0,7,32,64,624525337
37,3,0,7,136,272,1683868356
38,3,0,7,17,34,2024026106
39,3,0,7,34,68,822958741
40,4,0,7,165,330,1562819106
41,4,0,7,69,138,1446752841
42,4,0,7,99,198,371071086
43,4,1,7,310,620,582197459
44,4,0,7,98,196,1874547871
45,4,1,7,1220,2440,719715812
46,4,0,7,130,260,1920261023
47,4,0,7,25,50,1995952395
48,4,0,7,158,316,108610091
49,4,0,7,8,16,1674842286
50,5,0,7,152,304,281566237
51,5,0,7,15,30,2067945391
52,5,0,7,24,48,1224027552
53,5,0,7,110,220,559011946
54,5,0,7,8,16,1098998186
55,5,0,7,36,72,470249661
56,5,0,7,76,152,283048198
57,5,0,7,115,230,1475608142
58,5,0,7,6,12,672223814
59,5,0,7,22,44,983503334
60,6,0,7,17,34,2087876824
61,6,0,7,146,292,1474539259
62,6,0,7,174,348,2098877244
63,6,0,7,103,206,748446900
64,6,0,7,125,250,1255798255
65,6,0,7,176,352,1397405015
66,6,0,7,68,136,1457464136
67,6,0,7,38,76,1830052011
68,6,0,7,164,328,660664846
69,6,0,7,53,106,52940295
70,7,0,7,29,58,1680211618
71,7,0,7,162,324,286345553
72,7,0,7,10,20,623405189
73,7,0,7,125,250,1953531666
74,7,1,7,1790,3580,1338371107
75,7,0,7,151,302,176782291
76,7,0,7,184,368,177132971
77,7,0,7,26,52,88582788
78,7,0,7,22,44,112523057
79,7,0,7,97,194,984040251
80,8,1,7,1860,3720,1088257914
81,8,1,7,170,340,236910508
82,8,0,7,3,6,1187485654
83,8,0,7,109,218,859092446
84,8,0,7,184,368,390467325
85,8,0,7,75,150,1568190440
86,8,0,7,187,374,1133539338
87,8,0,7,32,64,1334747032
88,8,0,7,118,236,61603596
89,8,0,7,184,368,542719445
90,9,1,7,1150,2300,1980447417
91,9,0,7,105,210,1861242689
92,9,0,7,54,108,37560032
93,9,0,7,85,170,1531297316
94,9,1,7,850,1700,304720951
95,9,0,7,186,372,2143263738
96,9,1,7,1750,3500,1494446305
97,9,0,7,4,8,405798314
98,9,0,7,67,134,972995303
99,9,0,7,174,348,651801482
0,0,0,8,144,288,1747880034
1,0,0,8,153,306,154086649
2,0,0,8,44,88,1677126319
3,0,1,8,30,60,1959006322
4,0,0,8,39,78,1356117395
5,0,0,8,179,358,138337083
6,0,0,8,186,372,1490065291
7,0,0,8,57,114,1683520800
8,0,0,8,36,72,1349436788
9,0,1,8,1610,3220,1039079317
10,1,0,8,182,364,742209971
11,1,0,8,161,322,993817265
12,1,0,8,122,244,1556749829
13,1,0,8,148,296,423151463
14,1,0,8,4,8,1597264207
15,1,1,8,1490,2980,1848465642
16,1,1,8,1760,3520,133938191
17,1,1,8,1860,3720,586341262
18,1,1,8,0,0,2076938211
19,1,1,8,1010,2020,913789461
20,2,0,8,32,64,849400579
21,2,0,8,153,306,514179724
22,2,0,8,171,342,497495673
23,2,1,8,330,660,1471117402
24,2,0,8,93,186,1217708710
25,2,0,8,67,134,232244150
26,2,0,8,188,376,69215859
27,2,0,8,190,380,1215530574
28,2,0,8,131,262,734638253
29,2,1,8,30,60,683765606
30,3,0,8,49,98,1079065152
31,3,0,8,24,48,1686804339
32,3,0,8,50,100,1229116413
33,3,1,8,660,1320,1842911818
34,3,0,8,33,66,746052676
35,3,0,8,196,392,1213909849
36,3,0,8,58,116,593363531
37,3,0,8,78,156,863807433
38,3,0,8,120,240,394804767
39,3,0,8,197,394,875387702
40,4,0,8,100,200,903637997
41,4,0,8,86,172,732616877
42,4,0,8,178,356,455664209
43,4,1,8,1990,3980,96872014
44,4,0,8,106,212,1222502560
45,4,1,8,1560,3120,1411746696
46,4,0,8,97,194,881667725
47,4,0,8,10,20,1051620285
48,4,0,8,143,286,1778618153
49,4,0,8,147,294,941838069
50,5,0,8,64,128,1155953292
51,5,0,8,50,100,960089777
52,5,0,8,0,0,14865084
53,5,0,8,22,44,1036625634
54,5,0,8,195,390,167321141
55,5,0,8,180,360,1439288622
56,5,0,8,188,376,399873577
57,5,0,8,27,54,321944030
58,5,0,8,96,192,570477783
59,5,0,8,198,396,1983239897
60,6,0,8,105,210,2037867472
61,6,0,8,26,52,1316037380
62,6,0,8,134,268,202175406
63,6,0,8,135,270,2141678990
64,6,0,8,129,258,811839869
65,6,0,8,194,388,902931446
66,6,0,8,94,188,563215193
67,6,0,8,179,358,1933077598
68,6,0,8,197,394,1665233415
69,6,0,8,80,160,1944373884
70,7,0,8,33,66,909966251
71,7,0,8,32,64,184618006
72,7,0,8,90,180,45590204
73,7,0,8,37,74,1828856113
74,7,1,8,730,1460,1887355621
75,7,0,8,13,26,1463876152
76,7,0,8,181,362,1594561416
77,7,0,8,116,232,1716036713
78,7,0,8,54,108,319583423
79,7,0,8,4,8,238422170
80,8,1,8,1140,2280,1601434757
81,8,1,8,1310,2620,2097179008
82,8,0,8,19,38,105685381
83,8,0,8,0,0,727093393
84,8,0,8,115,230,629350001
85,8,0,8,33,66,1767460100
86,8,0,8,179,358,1798568404
87,8,0,8,193,386,1125408526
88,8,0,8,136,272,1257299335
89,8,0,8,109,218,96738224
90,9,1,8,1860,3720,1816717052
91,9,0,8,121,242,537727783
92,9,0,8,151,302,750476866
93,9,0,8,89,178,1788652518
94,9,1,8,1460,2920,1963564316
95,9,0,8,79,158,975934716
96,9,1,8,850,1700,1777655652
97,9,0,8,198,396,1582407419
98,9,0,8,69,138,150169859
99,9,0,8,157,314,1507210434
0,0,0,9,96,192,107795730
1,0,0,9,164,328,1953775367
2,0,0,9,56,112,367356928
3,0,1,9,1790,3580,1521733770
4,0,0,9,134,268,481491284
5,0,0,9,45,90,491799988
6,0,0,9,1,2,1499599230
7,0,0,9,126,252,348278130
8,0,0,9,177,354,1463437447
9,0,1,9,960,1920,1768352599
10,1,0,9,48,96,970602604
11,1,0,9,117,234,1859695444
12,1,0,9,172,344,1521898034
13,1,0,9,54,108,872237699
14,1,0,9,116,232,1313090017
15,1,1,9,890,1780,1479141377
16,1,1,9,140,280,132085748
17,1,1,9,860,1720,323813640
18,1,1,9,860,1720,926920965
19,1,1,9,600,1200,1539485884
20,2,0,9,130,260,2136756631
21,2,0,9,176,352,441546003
22,2,0,9,80,160,1256021744
23,2,1,9,1000,2000,1651244767
24,2,0,9,110,220,1200254547
25,2,0,9,87,174,829006666
26,2,0,9,199,398,1543580062
27,2,0,9,155,310,1200890270
28,2,0,9,91,182,1921994943
29,2,1,9,370,740,717293200
30,3,0,9,54,108,996277
31,3,0,9,28,56,1355205646
32,3,0,9,123,246,494650352
33,3,1,9,1700,3400,1412456390
34,3,0,9,5,10,1047733926
35,3,0,9,82,164,868514655
36,3,0,9,130,260,812927335
37,3,0,9,26,52,329048633
38,3,0,9,151,302,1607371750
39,3,0,9,146,292,1611069116
40,4,0,9,158,316,772999694
41,4,0,9,82,164,2143366117
42,4,0,9,80,160,1204287830
43,4,1,9,980,1960,1817913038
44,4,0,9,134,268,2146460931
45,4,1,9,1040,2080,695382504
46,4,0,9,90,180,2102046688
47,4,0,9,175,350,1971248520
48,4,0,9,168,336,1041864675
49,4,0,9,170,340,1746252255
50,5,0,9,51,102,422718227
51,5,0,9,38,76,2039163586
52,5,0,9,172,344,2125631152
53,5,0,9,97,194,216510645
54,5,0,9,163,326,509988424
55,5,0,9,95,190,1184498240
56,5,0,9,61,122,1568277051
57,5,0,9,36,72,96775568
58,5,0,9,88,176,21014299
59,5,0,9,100,200,460893612
60,6,0,9,121,242,1205166428
61,6,0,9,57,114,973110025
62,6,0,9,121,242,1565784046
63,6,0,9,2,4,1796699873
64,6,0,9,18,36,1030620353
65,6,0,9,95,190,743435161
66,6,0,9,2,4,896589857
67,6,0,9,190,380,135599709
68,6,0,9,105,210,1231301396
69,6,0,9,199,398,600414281
70,7,0,9,156,312,242687084
71,7,0,9,173,346,2105759669
72,7,0,9,79,158,1340167747
73,7,0,9,16,32,581196406
74,7,1,9,500,1000,621465938
75,7,0,9,162,324,1686770749
76,7,0,9,57,114,396120400
77,7,0,9,30,60,1731411677
78,7,0,9,84,168,1877655013
79,7,0,9,108,216,660313744
80,8,1,9,600,1200,1203696183
81,8,1,9,280,560,652265119
82,8,0,9,122,244,246548359
83,8,0,9,98,196,551412221
84,8,0,9,198,396,1868911933
85,8,0,9,83,166,507938225
86,8,0,9,186,372,344307789
87,8,0,9,173,346,1132257218
88,8,0,9,119,238,1360743823
89,8,0,9,13,26,898882798
90,9,1,9,1550,3100,1503807574
91,9,0,9,175,350,2017124139
92,9,0,9,126,252,1991271074
93,9,0,9,162,324,442803534
94,9,1,9,210,420,1685904622
95,9,0,9,90,180,1711649778
96,9,1,9,90,180,1643308740
97,9,0,9,137,274,616194680
98,9,0,9,1,2,1734502604
99,9,0,9,94,188,1895525493
0,0,0,10,5,10,386443303
1,0,0,10,20,40,514141376
2,0,0,10,147,294,536763043
3,0,1,10,1180,2360,1971830554
4,0,0,10,195,390,200268013
5,0,0,10,52,104,1269605258
6,0,0,10,154,308,150306626
7,0,0,10,154,308,2030935457
8,0,0,10,68,136,322315873
9,0,1,10,800,1600,776349459
10,1,0,10,116,232,1040808256
11,1,0,10,62,124,1211265812
12,1,0,10,182,364,1039482503
13,1,0,10,74,148,856780225
14,1,0,10,179,358,773992831
15,1,1,10,430,860,1353978677
16,1,1,10,1250,2500,2092925360
17,1,1,10,130,260,2018668287
18,1,1,10,1170,2340,1511526533
19,1,1,10,1950,3900,1855395389
20,2,0,10,38,76,591225764
21,2,0,10,65,130,36351080
22,2,0,10,158,316,475345986
23,2,1,10,1000,2000,1852125498
24,2,0,10,61,122,2085005599
25,2,0,10,46,92,1855368460
26,2,0,10,26,52,204035888
27,2,0,10,13,26,1765998959
28,2,0,10,116,232,711613497
29,2,1,10,1160,2320,1399762278
30,3,0,10,19,38,1697367581
31,3,0,10,185,370,596268530
32,3,0,10,167,334,1822839202
33,3,1,10,1990,3980,49381296
34,3,0,10,96,192,961380586
35,3,0,10,67,134,75586931
36,3,0,10,124,248,1253686789
37,3,0,10,34,68,1197011427
38,3,0,10,188,376,1723007043
39,3,0,10,95,190,1770758412
40,4,0,10,106,212,1512129423
41,4,0,10,191,382,1337318463
42,4,0,10,45,90,1639319437
43,4,1,10,1220,2440,1913396292
44,4,0,10,34,68,951088999
45,4,1,10,380,760,2033760196
46,4,0,10,83,166,1554308033
47,4,0,10,62,124,244946569
48,4,0,10,66,132,998698447
49,4,0,10,196,392,1577299586
50,5,0,10,72,144,1186350895
51,5,0,10,163,326,555104600
52,5,0,10,66,132,2085437024
53,5,0,10,33,66,1456281240
54,5,0,10,76,152,1387817703
55,5,0,10,107,214,1837799686
56,5,0,10,186,372,240504994
57,5,0,10,128,256,425069137
58,5,0,10,188,376,1056332669
59,5,0,10,4,8,105354529
60,6,0,10,164,328,1625602379
61,6,0,10,39,78,1039489847
62,6,0,10,78,156,689948375
63,6,0,10,147,294,624883174
64,6,0,10,45,90,381819791
65,6,0,10,152,304,113872565
66,6,0,10,194,388,1249208710
67,6,0,10,175,350,868868706
68,6,0,10,51,102,1505117301
69,6,0,10,165,330,979407191
70,7,0,10,76,152,714549844
71,7,0,10,88,176,64918799
72,7,0,10,100,200,588247585
73,7,0,10,29,58,275871209
74,7,1,10,490,980,905225467
75,7,0,10,101,202,90609709
76,7,0,10,55,110,1945498885
77,7,0,10,111,222,660923015
78,7,0,10,174,348,2141366632
79,7,0,10,120,240,1350341683
80,8,1,10,80,160,461266313
81,8,1,10,700,1400,1710779679
82,8,0,10,160,320,838790789
83,8,0,10,89,178,1220422315
84,8,0,10,185,370,1315674738
85,8,0,10,181,362,560675126
86,8,0,10,59,118,1348416362
87,8,0,10,71,142,140691975
88,8,0,10,61,122,346459401
89,8,0,10,142,284,757934237
90,9,1,10,1810,3620,2135334196
91,9,0,10,54,108,1797082614
92,9,0,10,35,70,2041817846
93,9,0,10,95,190,1503751553
94,9,1,10,1840,3680,1453630594
95,9,0,10,187,374,1252648907
96,9,1,10,420,840,1268768559
97,9,0,10,94,188,67222496
98,9,0,10,175,350,542837660
99,9,0,10,134,268,137746930
0,0,0,11,129,258,153741576
1,0,0,11,65,130,1559148764
2,0,0,11,62,124,1457962329
3,0,1,11,1380,2760,2096017936
4,0,0,11,141,282,641680212
5,0,0,11,44,88,1352299444
6,0,0,11,150,300,1730878960
7,0,0,11,156,312,362420765
8,0,0,11,14,28,1885569060
9,0,1,11,290,580,1604580404
10,1,0,11,95,190,127221460
11,1,0,11,89,178,364289951
12,1,0,11,87,174,1887885420
13,1,0,11,115,230,934641614
14,1,0,11,199,398,1189524446
15,1,1,11,290,580,616931184
16,1,1,11,1230,2460,43538761
17,1,1,11,440,880,281140986
18,1,1,11,760,1520,861188825
19,1,1,11,0,0,213944428
20,2,0,11,11,22,174420138
21,2,0,11,145,290,673470036
22,2,0,11,186,372,778208041
23,2,1,11,490,980,1156526159
24,2,0,11,195,390,1653195274
25,2,0,11,145,290,1384869986
26,2,0,11,70,140,73599541
27,2,0,11,126,252,1183953270
28,2,0,11,0,0,1999385395
29,2,1,11,1740,3480,374799551
30,3,0,11,191,382,299764564
31,3,0,11,146,292,619970775
32,3,0,11,181,362,1764414213
33,3,1,11,970,1940,2029391787
34,3,0,11,30,60,449389179
35,3,0,11,93,186,1781550345
36,3,0,11,56,112,1847806272
37,3,0,11,72,144,1345983606
38,3,0,11,50,100,789703697
39,3,0,11,90,180,1307291977
40,4,0,11,36,72,1110710226
41,4,0,11,44,88,742935326
42,4,0,11,24,48,1930735952
43,4,1,11,1270,2540,871194007
44,4,0,11,4,8,2123930356
45,4,1,11,1480,2960,1318666012
46,4,0,11,67,134,702040068
47,4,0,11,69,138,1709109170
48,4,0,11,122,244,641872140
49,4,0,11,149,298,1223947925
50,5,0,11,148,296,2135842391
51,5,0,11,115,230,1997530787
52,5,0,11,181,362,1047316826
53,5,0,11,179,358,55790631
54,5,0,11,129,258,1459165568
55,5,0,11,61,122,472965949
56,5,0,11,72,144,66381013
57,5,0,11,197,394,1789253462
58,5,0,11,19,38,57519091
59,5,0,11,7,14,830465690
60,6,0,11,26,52,634977290
61,6,0,11,180,360,752371696
62,6,0,11,193,386,301505426
63,6,0,11,135,270,951910072
64,6,0,11,181,362,1479014943
65,6,0,11,75,150,2008662251
66,6,0,11,83,166,604672708
67,6,0,11,121,242,758474867
68,6,0,11,197,394,279410114
69,6,0,11,198,396,1695457094
70,7,0,11,87,174,313033029
71,7,0,11,134,268,104827817
72,7,0,11,145,290,731796957
73,7,0,11,23,46,1059804868
74,7,1,11,760,1520,165739374
75,7,0,11,48,96,226152787
76,7,0,11,15,30,82527496
77,7,0,11,87,174,88775465
78,7,0,11,34,68,772925659
79,7,0,11,139,278,1931488505
80,8,1,11,580,1160,236807904
81,8,1,11,630,1260,1898152694
82,8,0,11,170,340,774557441
83,8,0,11,1,2,1265943929
84,8,0,11,125,250,740611550
85,8,0,11,6,12,73348169
86,8,0,11,165,330,1018131474
87,8,0,11,87,174,1134613632
88,8,0,11,0,0,1199862253
89,8,0,11,75,150,440273365
90,9,1,11,1940,3880,1078468471
91,9,0,11,179,358,1045060844
92,9,0,11,171,342,1265228897
93,9,0,11,16,32,486506467
94,9,1,11,1400,2800,1299084663
95,9,0,11,51,102,529157308
96,9,1,11,1930,3860,483599807
97,9,0,11,47,94,34462738
98,9,0,11,113,226,1681599758
99,9,0,11,89,178,2100334233
0,0,0,12,176,352,2079413245
1,0,0,12,8,16,1563993623
2,0,0,12,22,44,1822583352
3,0,1,12,950,1900,1778486272
4,0,0,12,34,68,1432248217
5,0,0,12,19,38,448297175
6,0,0,12,118,236,205104208
7,0,0,12,165,330,669856976
8,0,0,12,82,164,1615434146
9,0,1,12,1710,3420,881421831
10,1,0,12,37,74,1549760128
11,1,0,12,196,392,939054031
12,1,0,12,155,310,1812575153
13,1,0,12,34,68,100365912
14,1,0,12,18,36,1029364845
15,1,1,12,260,520,618776845
16,1,1,12,670,1340,520891216
17,1,1,12,110,220,2133449988
18,1,1,12,470,940,1745851450
19,1,1,12,1160,2320,1169745505
20,2,0,12,61,122,2010842472
21,2,0,12,177,354,214313820
22,2,0,12,90,180,1052409520
23,2,1,12,1960,3920,149389555
24,2,0,12,157,314,1151455838
25,2,0,12,2,4,639141176
26,2,0,12,180,360,367369234
27,2,0,12,114,228,1379707118
28,2,0,12,111,222,209635276
29,2,1,12,620,1240,1523215448
30,3,0,12,165,330,196244293
31,3,0,12,15,30,1225294232
32,3,0,12,1,2,2105224081
33,3,1,12,1580,3160,493262102
34,3,0,12,171,342,1235637556
35,3,0,12,104,208,859520211
36,3,0,12,80,160,209911052
37,3,0,12,164,328,2037358472
38,3,0,12,41,82,820065498
39,3,0,12,135,270,1886884669
40,4,0,12,22,44,1634246121
41,4,0,12,43,86,1192487349
42,4,0,12,145,290,118804249
43,4,1,12,270,540,1946073516
44,4,0,12,58,116,1148034450
45,4,1,12,1270,2540,1257002862
46,4,0,12,185,370,672271546
47,4,0,12,96,192,739355425
48,4,0,12,32,64,860199744
49,4,0,12,75,150,20073359
50,5,0,12,52,104,1570693775
51,5,0,12,117,234,713272750
52,5,0,12,57,114,1718833894
53,5,0,12,14,28,2023344697
54,5,0,12,11,22,1966143516
55,5,0,12,161,322,1747536726
56,5,0,12,130,260,1928298909
57,5,0,12,181,362,1572654910
58,5,0,12,59,118,2027168283
59,5,0,12,80,160,1114247064
60,6,0,12,161,322,1110778785
61,6,0,12,41,82,2044859635
62,6,0,12,84,168,1166237923
63,6,0,12,152,304,497117801
64,6,0,12,48,96,71165810
65,6,0,12,171,342,1495749497
66,6,0,12,195,390,1754281195
67,6,0,12,35,70,29287518
68,6,0,12,126,252,331449478
69,6,0,12,124,248,1661554700
70,7,0,12,194,388,1632578374
71,7,0,12,87,174,1934942400
72,7,0,12,92,184,2075148257
73,7,0,12,103,206,1679863829
74,7,1,12,890,1780,2138612824
75,7,0,12,116,232,1006238923
76,7,0,12,75,150,922008854
77,7,0,12,30,60,1248624295
78,7,0,12,63,126,652719139
79,7,0,12,52,104,1331181385
80,8,1,12,60,120,1203249036
81,8,1,12,1840,3680,1882859833
82,8,0,12,175,350,1097912928
83,8,0,12,11,22,1503803730
84,8,0,12,103,206,741043352
85,8,0,12,58,116,118333625
86,8,0,12,83,166,848244199
87,8,0,12,163,326,2140964914
88,8,0,12,70,140,2122161865
89,8,0,12,49,98,1668610566
90,9,1,12,190,380,824256656
91,9,0,12,136,272,1439790982
92,9,0,12,170,340,1084242638
93,9,0,12,10,20,292470305
94,9,1,12,1870,3740,966501796
95,9,0,12,29,58,706576886
96,9,1,12,1140,2280,348914389
97,9,0,12,22,44,1408424602
98,9,0,12,68,136,1963945885
99,9,0,12,2,4,1426182346
0,0,0,13,162,324,253827472
1,0,0,13,21,42,1491117430
2,0,0,13,6,12,1716596378
3,0,1,13,1520,3040,1051901079
4,0,0,13,169,338,980430370
5,0,0,13,89,178,71897299
6,0,0,13,87,174,1840607607
7,0,0,13,134,268,113991283
8,0,0,13,29,58,640441150
9,0,1,13,140,280,1125025379
10,1,0,13,93,186,1765248584
11,1,0,13,181,362,753068869
12,1,0,13,59,118,1234411049
13,1,0,13,153,306,2060651604
14,1,0,13,120,240,617428050
15,1,1,13,700,1400,1058934323
16,1,1,13,1580,3160,1054497086
17,1,1,13,1270,2540,625076843
18,1,1,13,760,1520,911538014
19,1,1,13,1170,2340,1578039079
20,2,0,13,39,78,269316292
21,2,0,13,188,376,2077452124
22,2,0,13,101,202,1089865714
23,2,1,13,130,260,1486534479
24,2,0,13,194,388,822023019
25,2,0,13,132,264,560963986
26,2,0,13,150,300,1713342096
27,2,0,13,120,240,715353441
28,2,0,13,194,388,587977571
29,2,1,13,1070,2140,371015244
30,3,0,13,154,308,2090713154
31,3,0,13,172,344,62057320
32,3,0,13,3,6,1595079110
33,3,1,13,830,1660,671536020
34,3,0,13,118,236,138385252
35,3,0,13,39,78,1624318010
36,3,0,13,185,370,323228977
37,3,0,13,139,278,1138479658
38,3,0,13,159,318,64130642
39,3,0,13,82,164,267426172
40,4,0,13,12,24,1976881670
41,4,0,13,195,390,2104132208
42,4,0,13,169,338,1504516815
43,4,1,13,190,380,87575425
44,4,0,13,149,298,564286074
45,4,1,13,1590,3180,1448390017
46,4,0,13,18,36,1950544760
47,4,0,13,171,342,1017117183
48,4,0,13,29,58,169270147
49,4,0,13,99,198,1558307871
50,5,0,13,143,286,1036842033
51,5,0,13,12,24,1292854445
52,5,0,13,91,182,818886265
53,5,0,13,0,0,1978519084
54,5,0,13,34,68,2037944812
55,5,0,13,1,2,1758199984
56,5,0,13,79,158,1011952448
57,5,0,13,63,126,97384606
58,5,0,13,121,242,187495151
59,5,0,13,157,314,1356448383
60,6,0,13,147,294,678249887
61,6,0,13,174,348,181065944
62,6,0,13,44,88,1592743737
63,6,0,13,162,324,1425904632
64,6,0,13,47,94,1378232552
65,6,0,13,121,242,77087694
66,6,0,13,173,346,1279447714
67,6,0,13,65,130,1648320661
68,6,0,13,21,42,128727107
69,6,0,13,196,392,507264906
70,7,0,13,11,22,817661947
71,7,0,13,60,120,214079909
72,7,0,13,63,126,376968999
73,7,0,13,42,84,141151194
74,7,1,13,670,1340,1189701331
75,7,0,13,96,192,1708172836
76,7,0,13,4,8,1627329252
77,7,0,13,128,256,832505445
78,7,0,13,14,28,558421199
79,7,0,13,157,314,1281455084
80,8,1,13,1510,3020,1714468171
81,8,1,13,630,1260,1068221455
82,8,0,13,45,90,2042454706
83,8,0,13,28,56,1792696858
84,8,0,13,136,272,450827304
85,8,0,13,174,348,1243689836
86,8,0,13,146,292,1827807943
87,8,0,13,40,80,1925312103
88,8,0,13,86,172,790087391
89,8,0,13,171,342,428561627
90,9,1,13,90,180,1985669884
91,9,0,13,89,178,1035016024
92,9,0,13,125,250,1738429874
93,9,0,13,97,194,1740980764
94,9,1,13,560,1120,880710267
95,9,0,13,48,96,1061324468
96,9,1,13,610,1220,540832410
97,9,0,13,88,176,1679710178
98,9,0,13,180,360,1140657624
99,9,0,13,181,362,1032946796
0,0,0,14,158,316,830616144
1,0,0,14,104,208,2102842747
2,0,0,14,155,310,1354664083
3,0,1,14,1230,2460,1092643318
4,0,0,14,93,186,939526145
5,0,0,14,41,82,2076796188
6,0,0,14,180,360,179405685
7,0,0,14,61,122,320984982
8,0,0,14,162,324,103272490
9,0,1,14,520,1040,430793854
10,1,0,14,140,280,1642880446
11,1,0,14,140,280,2062373132
12,1,0,14,133,266,1978480905
13,1,0,14,8,16,1615684679
14,1,0,14,153,306,1521904354
15,1,1,14,880,1760,211263292
16,1,1,14,1560,3120,555030474
17,1,1,14,480,960,2033996384
18,1,1,14,290,580,1772826005
19,1,1,14,1100,2200,1431933735
20,2,0,14,90,180,244685701
21,2,0,14,136,272,1396182936
22,2,0,14,48,96,1418026637
23,2,1,14,260,520,1225121375
24,2,0,14,3,6,2026728617
25,2,0,14,52,104,1992647837
26,2,0,14,157,314,1658195670
27,2,0,14,14,28,278113285
28,2,0,14,6,12,1561149669
29,2,1,14,1740,3480,214158634
30,3,0,14,45,90,1973018715
31,3,0,14,16,32,1014508782
32,3,0,14,32,64,750284690
33,3,1,14,1380,2760,1589800215
34,3,0,14,164,328,1044744216
35,3,0,14,10,20,164475937
36,3,0,14,110,220,627325861
37,3,0,14,9,18,1642985805
38,3,0,14,7,14,722020853
39,3,0,14,74,148,1329872810
40,4,0,14,102,204,1226789643
41,4,0,14,127,254,2053745540
42,4,0,14,194,388,1835409379
43,4,1,14,1340,2680,555090372
44,4,0,14,107,214,1369171274
45,4,1,14,740,1480,1518328591
46,4,0,14,81,162,88322173
47,4,0,14,142,284,836280986
48,4,0,14,176,352,1603401408
49,4,0,14,11,22,2090890622
50,5,0,14,23,46,119780342
51,5,0,14,170,340,122992546
52,5,0,14,61,122,1127232909
53,5,0,14,162,324,684552428
54,5,0,14,185,370,202791344
55,5,0,14,151,302,966165651
56,5,0,14,56,112,2098665419
57,5,0,14,121,242,1638934119
58,5,0,14,43,86,1909007364
59,5,0,14,61,122,448820039
60,6,0,14,90,180,1206207144
61,6,0,14,31,62,1439885552
62,6,0,14,76,152,682770310
63,6,0,14,136,272,887625747
64,6,0,14,129,258,1242048775
65,6,0,14,65,130,1251476302
66,6,0,14,68,136,730334491
67,6,0,14,176,352,426499107
68,6,0,14,62,124,1120938032
69,6,0,14,112,224,1337816120
70,7,0,14,127,254,1275909593
71,7,0,14,118,236,1538493037
72,7,0,14,123,246,206493137
73,7,0,14,69,138,593907380
74,7,1,14,860,1720,1124865095
75,7,0,14,58,116,1491506980
76,7,0,14,128,256,1935266437
77,7,0,14,89,178,441270025
78,7,0,14,132,264,1931445618
79,7,0,14,1,2,1644727588
80,8,1,14,1190,2380,1228004638
81,8,1,14,1380,2760,1882459395
82,8,0,14,27,54,1328969559
83,8,0,14,15,30,528663182
84,8,0,14,86,172,262301445
85,8,0,14,39,78,1904711671
86,8,0,14,62,124,1299920497
87,8,0,14,113,226,973209090
88,8,0,14,194,388,418385450
89,8,0,14,33,66,1633692119
90,9,1,14,1080,2160,938277874
91,9,0,14,194,388,1337927002
92,9,0,14,188,376,665628707
93,9,0,14,12,24,279522410
94,9,1,14,760,1520,1967874101
95,9,0,14,194,388,1690340929
96,9,1,14,300,600,727137765
97,9,0,14,152,304,1670827515
98,9,0,14,5,10,1142050648
99,9,0,14,44,88,1328555157
0,0,0,15,37,74,2124597096
1,0,0,15,89,178,2104695636
2,0,0,15,51,102,1731563264
3,0,1,15,970,1940,1076182643
4,0,0,15,57,114,1423857583
5,0,0,15,129,258,335655420
6,0,0,15,9,18,203922659
7,0,0,15,170,340,933687048
8,0,0,15,125,250,1528562883
9,0,1,15,1720,3440,388598714
10,1,0,15,0,0,693224633
11,1,0,15,105,210,1431394379
12,1,0,15,133,266,1407696177
13,1,0,15,34,68,1538104119
14,1,0,15,123,246,1203732763
15,1,1,15,290,580,1763461113
16,1,1,15,1870,3740,1162972939
17,1,1,15,810,1620,1292999434
18,1,1,15,980,1960,956980624
19,1,1,15,1020,2040,599885649
20,2,0,15,24,48,386642101
21,2,0,15,42,84,1299881823
22,2,0,15,37,74,1029312664
23,2,1,15,1980,3960,1996140503
24,2,0,15,126,252,1520952216
25,2,0,15,10,20,1619621463
26,2,0,15,146,292,1964696006
27,2,0,15,37,74,89316800
28,2,0,15,12,24,734517881
29,2,1,15,0,0,405221830
30,3,0,15,197,394,1052117123
31,3,0,15,135,270,379137113
32,3,0,15,143,286,1731922125
33,3,1,15,560,1120,1366894655
34,3,0,15,69,138,1858043796
35,3,0,15,7,14,1298563384
36,3,0,15,28,56,1604464469
37,3,0,15,44,88,206607076
38,3,0,15,54,108,1789146813
39,3,0,15,45,90,376941757
40,4,0,15,169,338,1749227058
41,4,0,15,167,334,202513635
42,4,0,15,36,72,1151026717
43,4,1,15,1530,3060,195090636
44,4,0,15,101,202,1399867806
45,4,1,15,370,740,2092151598
46,4,0,15,102,204,310239921
47,4,0,15,113,226,1488970400
48,4,0,15,132,264,478292214
49,4,0,15,118,236,1040490194
50,5,0,15,176,352,1173496603
51,5,0,15,129,258,1380276322
52,5,0,15,35,70,1507367432
53,5,0,15,31,62,879611653
54,5,0,15,110,220,1938189948
55,5,0,15,105,210,1226156321
56,5,0,15,180,360,1189649857
57,5,0,15,148,296,1726043548
58,5,0,15,2,4,1732391211
59,5,0,15,113,226,1254280557
60,6,0,15,35,70,558832186
61,6,0,15,77,154,1831606712
62,6,0,15,71,142,114557590
63,6,0,15,84,168,410618729
64,6,0,15,69,138,547989800
65,6,0,15,54,108,1727513259
66,6,0,15,155,310,900562998
67,6,0,15,66,132,244607465
68,6,0,15,190,380,1383490404
69,6,0,15,137,274,516813887
70,7,0,15,160,320,1657169953
71,7,0,15,133,266,2087024138
72,7,0,15,14,28,1403478635
73,7,0,15,112,224,914233605
74,7,1,15,1300,2600,378011847
75,7,0,15,3,6,68547520
76,7,0,15,17,34,1052960607
77,7,0,15,22,44,1767601017
78,7,0,15,115,230,1609580712
79,7,0,15,53,106,1500392010
80,8,1,15,240,480,769124491
81,8,1,15,1190,2380,600294090
82,8,0,15,80,160,230817086
83,8,0,15,157,314,1756273349
84,8,0,15,20,40,289890314
85,8,0,15,192,384,1454430787
86,8,0,15,101,202,1977561835
87,8,0,15,71,142,944375275
88,8,0,15,96,192,847460072
89,8,0,15,132,264,1601457646
90,9,1,15,260,520,1153206549
91,9,0,15,9,18,333060575
92,9,0,15,67,134,2033127306
93,9,0,15,136,272,725205342
94,9,1,15,1250,2500,1833073181
95,9,0,15,96,192,1249057785
96,9,1,15,750,1500,370695654
97,9,0,15,48,96,1609370220
98,9,0,15,98,196,545642658
99,9,0,15,195,390,1070577251
0,0,0,16,135,270,280627905
1,0,0,16,128,256,1631141935
2,0,0,16,138,276,538192224
3,0,1,16,1870,3740,1342874740
4,0,0,16,177,354,1488798237
5,0,0,16,12,24,904455271
6,0,0,16,49,98,1628923280
7,0,0,16,22,44,2041778289
8,0,0,16,158,316,549795965
9,0,1,16,340,680,2103422558
10,1,0,16,137,274,1588892621
11,1,0,16,176,352,474054288
12,1,0,16,128,256,853141696
13,1,0,16,166,332,2099314383
14,1,0,16,159,318,171579115
15,1,1,16,380,760,131654613
16,1,1,16,1870,3740,1028979874
17,1,1,16,1920,3840,1782645259
18,1,1,16,1960,3920,2058023498
19,1,1,16,330,660,410553327
20,2,0,16,67,134,200029566
21,2,0,16,87,174,444601069
22,2,0,16,35,70,166434133
23,2,1,16,1270,2540,1366687954
24,2,0,16,180,360,497778535
25,2,0,16,125,250,329625487
26,2,0,16,183,366,1575210123
27,2,0,16,103,206,603430542
28,2,0,16,172,344,2046791921
29,2,1,16,910,1820,220361515
30,3,0,16,104,208,1958963397
31,3,0,16,93,186,67655141
32,3,0,16,50,100,1447307339
33,3,1,16,70,140,1855298708
34,3,0,16,19,38,250266931
35,3,0,16,167,334,1215188201
36,3,0,16,18,36,1645382874
37,3,0,16,67,134,997041960
38,3,0,16,39,78,1889072091
39,3,0,16,24,48,860504436
40,4,0,16,18,36,1561561150
41,4,0,16,191,382,2070611290
42,4,0,16,61,122,2080534892
43,4,1,16,290,580,1333353983
44,4,0,16,69,138,2128104122
45,4,1,16,420,840,849086743
46,4,0,16,127,254,174634373
47,4,0,16,56,112,1894061056
48,4,0,16,52,104,1981392293
49,4,0,16,145,290,734525053
50,5,0,16,30,60,1550454695
51,5,0,16,97,194,1240134612
52,5,0,16,58,116,497914640
53,5,0,16,160,320,1322024378
54,5,0,16,18,36,1224414064
55,5,0,16,20,40,2131223195
56,5,0,16,112,224,116811578
57,5,0,16,136,272,1609110877
58,5,0,16,185,370,995530040
59,5,0,16,199,398,1957768678
60,6,0,16,101,202,960827342
61,6,0,16,21,42,459049084
62,6,0,16,13,26,76213056
63,6,0,16,140,280,377470338
64,6,0,16,85,170,1615513188
65,6,0,16,23,46,1925561246
66,6,0,16,165,330,433590113
67,6,0,16,105,210,970759584
68,6,0,16,63,126,372601218
69,6,0,16,17,34,2129728030
70,7,0,16,119,238,549598288
71,7,0,16,8,16,1825582229
72,7,0,16,89,178,1062300226
73,7,0,16,173,346,918865409
74,7,1,16,210,420,1148019268
75,7,0,16,121,242,283854509
76,7,0,16,154,308,344388964
77,7,0,16,50,100,1433825635
78,7,0,16,165,330,1634362333
79,7,0,16,103,206,246455311
80,8,1,16,870,1740,1717864783
81,8,1,16,10,20,1245989005
82,8,0,16,147,294,759012060
83,8,0,16,3,6,1038075417
84,8,0,16,121,242,724397748
85,8,0,16,67,134,191402316
86,8,0,16,51,102,15602157
87,8,0,16,12,24,1314397867
88,8,0,16,24,48,1494958811
89,8,0,16,19,38,1433967979
90,9,1,16,1460,2920,2100838952
91,9,0,16,1,2,220078945
92,9,0,16,110,220,1135309353
93,9,0,16,83,166,1344824158
94,9,1,16,1820,3640,1174194645
95,9,0,16,185,370,964592191
96,9,1,16,1820,3640,1544686133
97,9,0,16,100,200,864921686
98,9,0,16,129,258,1401616072
99,9,0,16,57,114,1633540347
0,0,0,17,137,274,1855938758
1,0,0,17,129,258,662048588
2,0,0,17,34,68,1651799738
3,0,1,17,1930,3860,2088539225
4,0,0,17,7,14,1224062895
5,0,0,17,101,202,2137137694
6,0,0,17,169,338,941142237
7,0,0,17,22,44,1257060828
8,0,0,17,33,66,239040008
9,0,1,17,1740,3480,1113430294
10,1,0,17,89,178,561709545
11,1,0,17,27,54,938618566
12,1,0,17,8,16,390017822
13,1,0,17,60,120,2022428964
14,1,0,17,14,28,250941008
15,1,1,17,1940,3880,1438488988
16,1,1,17,660,1320,1856204834
17,1,1,17,1210,2420,1846157674
18,1,1,17,420,840,1040573170
19,1,1,17,1770,3540,343603066
20,2,0,17,173,346,2029937022
21,2,0,17,48,96,116194575
22,2,0,17,142,284,608680365
23,2,1,17,1210,2420,1023442914
24,2,0,17,174,348,1886220233
25,2,0,17,159,318,77605333
26,2,0,17,34,68,447501605
27,2,0,17,74,148,364174013
28,2,0,17,142,284,1588992120
29,2,1,17,940,1880,1919127295
30,3,0,17,162,324,149006293
31,3,0,17,64,128,2146817303
32,3,0,17,4,8,1854691651
33,3,1,17,860,1720,1864747294
34,3,0,17,85,170,261875116
35,3,0,17,38,76,1947825829
36,3,0,17,140,280,1960254075
37,3,0,17,118,236,63695246
38,3,0,17,101,202,1504371550
39,3,0,17,160,320,1052146098
40,4,0,17,199,398,816062188
41,4,0,17,193,386,257594773
42,4,0,17,122,244,110108276
43,4,1,17,400,800,932550726
44,4,0,17,82,164,550370086
45,4,1,17,550,1100,1139991430
46,4,0,17,88,176,1287447273
47,4,0,17,191,382,316074237
48,4,0,17,161,322,1367840956
49,4,0,17,38,76,1821085848
50,5,0,17,107,214,547993902
51,5,0,17,99,198,1266546415
52,5,0,17,20,40,1137248399
53,5,0,17,46,92,1756380617
54,5,0,17,199,398,531457367
55,5,0,17,194,388,1941226696
56,5,0,17,34,68,1714121631
57,5,0,17,193,386,1500813874
58,5,0,17,12,24,1430351188
59,5,0,17,182,364,1208348185
60,6,0,17,123,246,1567632303
61,6,0,17,52,104,1737487970
62,6,0,17,1,2,2138905846
63,6,0,17,160,320,1830244195
64,6,0,17,85,170,476259204
65,6,0,17,23,46,1845075768
66,6,0,17,24,48,241704993
67,6,0,17,95,190,1886074624
68,6,0,17,115,230,1471184116
69,6,0,17,192,384,1770673677
70,7,0,17,149,298,361712949
71,7,0,17,36,72,597696582
72,7,0,17,183,366,84924683
73,7,0,17,144,288,1924858195
74,7,1,17,1030,2060,992457359
75,7,0,17,78,156,964642100
76,7,0,17,171,342,1270614041
77,7,0,17,80,160,1866366278
78,7,0,17,136,272,568744521
79,7,0,17,22,44,1470571959
80,8,1,17,1700,3400,1652287960
81,8,1,17,970,1940,1607599376
82,8,0,17,111,222,1476301481
83,8,0,17,159,318,950902977
84,8,0,17,44,88,501258343
85,8,0,17,39,78,782434573
86,8,0,17,11,22,928231198
87,8,0,17,76,152,1327291385
88,8,0,17,56,112,1852670451
89,8,0,17,61,122,759178824
90,9,1,17,260,520,337660132
91,9,0,17,104,208,2135817415
92,9,0,17,195,390,163522698
93,9,0,17,95,190,1066844446
94,9,1,17,1020,2040,67934133
95,9,0,17,193,386,1450607588
96,9,1,17,1360,2720,165351467
97,9,0,17,150,300,646706251
98,9,0,17,136,272,892188960
99,9,0,17,184,368,1647854372
0,0,0,18,101,202,1932323039
1,0,0,18,53,106,248250782
2,0,0,18,44,88,1972382963
3,0,1,18,680,1360,92558896
4,0,0,18,30,60,1022581305
5,0,0,18,4,8,1420213621
6,0,0,18,44,88,1731157018
7,0,0,18,129,258,791647418
8,0,0,18,162,324,972527572
9,0,1,18,440,880,146610335
10,1,0,18,66,132,1472933593
11,1,0,18,115,230,1502071199
12,1,0,18,191,382,1579176928
13,1,0,18,76,152,89150004
14,1,0,18,67,134,1104289624
15,1,1,18,630,1260,1887839238
16,1,1,18,870,1740,36203674
17,1,1,18,520,1040,319671526
18,1,1,18,1190,2380,2000564378
19,1,1,18,1230,2460,390757944
20,2,0,18,106,212,723305356
21,2,0,18,181,362,1496616319
22,2,0,18,139,278,1449209155
23,2,1,18,50,100,984814237
24,2,0,18,166,332,120413620
25,2,0,18,184,368,1445631258
26,2,0,18,194,388,1410005746
27,2,0,18,5,10,1357205680
28,2,0,18,160,320,873161273
29,2,1,18,1670,3340,951698982
30,3,0,18,114,228,1551805573
31,3,0,18,43,86,658911799
32,3,0,18,70,140,1075314184
33,3,1,18,1620,3240,113195651
34,3,0,18,8,16,677767066
35,3,0,18,184,368,299358153
36,3,0,18,22,44,868015347
37,3,0,18,164,328,1956170799
38,3,0,18,134,268,939155442
39,3,0,18,72,144,776713374
40,4,0,18,45,90,251618205
41,4,0,18,170,340,382362509
42,4,0,18,57,114,1938178615
43,4,1,18,1920,3840,1904883992
44,4,0,18,36,72,1708467602
45,4,1,18,420,840,2082169211
46,4,0,18,161,322,1012445995
47,4,0,18,180,360,506744282
48,4,0,18,123,246,1467579847
49,4,0,18,171,342,2033352563
50,5,0,18,35,70,556984480
51,5,0,18,7,14,439910479
52,5,0,18,0,0,271905737
53,5,0,18,179,358,377798098
54,5,0,18,28,56,88490924
55,5,0,18,42,84,1513543414
56,5,0,18,97,194,738924006
57,5,0,18,26,52,1633609560
58,5,0,18,121,242,1418388249
59,5,0,18,84,168,117812254
60,6,0,18,122,244,1309607723
61,6,0,18,132,264,1311002162
62,6,0,18,142,284,1890080348
63,6,0,18,161,322,1236780911
64,6,0,18,197,394,1664205421
65,6,0,18,183,366,1603140318
66,6,0,18,83,166,860876448
67,6,0,18,20,40,1352594886
68,6,0,18,54,108,2121249460
69,6,0,18,60,120,1965250843
70,7,0,18,43,86,1757558152
71,7,0,18,179,358,498342381
72,7,0,18,183,366,1919412478
73,7,0,18,112,224,919542231
74,7,1,18,1970,3940,1602434236
75,7,0,18,38,76,1198593575
76,7,0,18,84,168,2111597513
77,7,0,18,191,382,2112380924
78,7,0,18,18,36,2135955727
79,7,0,18,195,390,2068849859
80,8,1,18,1310,2620,1880254106
81,8,1,18,530,1060,353448924
82,8,0,18,92,184,338029294
83,8,0,18,34,68,1473598568
84,8,0,18,127,254,166053833
85,8,0,18,45,90,247550719
86,8,0,18,133,266,1459656465
87,8,0,18,2,4,899906473
88,8,0,18,128,256,926349965
89,8,0,18,136,272,2013706748
90,9,1,18,20,40,1378526024
91,9,0,18,41,82,897568292
92,9,0,18,119,238,635869120
93,9,0,18,27,54,269894973
94,9,1,18,1730,3460,843665023
95,9,0,18,162,324,2073443651
96,9,1,18,420,840,790178413
97,9,0,18,196,392,304936131
98,9,0,18,101,202,1292463899
99,9,0,18,182,364,1409609189
0,0,0,19,0,0,1160831486
1,0,0,19,23,46,1598097523
2,0,0,19,177,354,144995373
3,0,1,19,430,860,1935645631
4,0,0,19,79,158,1812693645
5,0,0,19,1,2,1619238531
6,0,0,19,52,104,447182738
7,0,0,19,87,174,1357092615
8,0,0,19,17,34,653214397
9,0,1,19,1530,3060,1742644195
10,1,0,19,25,50,305794927
11,1,0,19,198,396,1651521238
12,1,0,19,63,126,1345388006
13,1,0,19,150,300,295016219
14,1,0,19,49,98,139365465
15,1,1,19,70,140,1409022704
16,1,1,19,50,100,2033944938
17,1,1,19,940,1880,480925458
18,1,1,19,890,1780,1170079551
19,1,1,19,920,1840,403533299
20,2,0,19,49,98,2115754638
21,2,0,19,152,304,2068771836
22,2,0,19,22,44,156431197
23,2,1,19,1240,2480,1514794497
24,2,0,19,149,298,242330697
25,2,0,19,70,140,923908697
26,2,0,19,156,312,1204937155
27,2,0,19,84,168,1292664886
28,2,0,19,101,202,750478922
29,2,1,19,1840,3680,179094232
30,3,0,19,119,238,677233807
31,3,0,19,73,146,198439766
32,3,0,19,59,118,1702506428
33,3,1,19,1800,3600,1085730608
34,3,0,19,198,396,815183431
35,3,0,19,100,200,1897388835
36,3,0,19,61,122,55277462
37,3,0,19,97,194,605430426
38,3,0,19,111,222,2124236213
39,3,0,19,114,228,390812240
40,4,0,19,168,336,1596522499
41,4,0,19,64,128,425410445
42,4,0,19,62,124,774721622
43,4,1,19,50,100,877708901
44,4,0,19,119,238,1516809754
45,4,1,19,120,240,1797741707
46,4,0,19,178,356,1594136897
47,4,0,19,126,252,697307737
48,4,0,19,72,144,1150145187
49,4,0,19,21,42,478619557
50,5,0,19,176,352,760366677
51,5,0,19,30,60,766469869
52,5,0,19,81,162,215270385
53,5,0,19,126,252,302166835
54,5,0,19,20,40,375604418
55,5,0,19,140,280,160237134
56,5,0,19,182,364,627361868
57,5,0,19,132,264,52271353
58,5,0,19,134,268,1250734360
59,5,0,19,100,200,2034259718
60,6,0,19,14,28,1918717503
61,6,0,19,95,190,1837699971
62,6,0,19,48,96,955825994
63,6,0,19,175,350,662621460
64,6,0,19,172,344,1211884335
65,6,0,19,156,312,267080133
66,6,0,19,37,74,188213607
67,6,0,19,109,218,2031078130
68,6,0,19,137,274,467210246
69,6,0,19,180,360,1800389880
70,7,0,19,162,324,100093267
71,7,0,19,48,96,1390639200
72,7,0,19,169,338,879504992
73,7,0,19,127,254,1574208485
74,7,1,19,370,740,1731489544
75,7,0,19,22,44,82686315
76,7,0,19,198,396,1509765772
77,7,0,19,12,24,307455345
78,7,0,19,175,350,1634543932
79,7,0,19,74,148,2071994748
80,8,1,19,1070,2140,601698840
81,8,1,19,1880,3760,1833768608
82,8,0,19,95,190,828689266
83,8,0,19,105,210,431736420
84,8,0,19,15,30,275892325
85,8,0,19,3,6,837774919
86,8,0,19,173,346,1776880240
87,8,0,19,95,190,648382682
88,8,0,19,26,52,1315811221
89,8,0,19,51,102,1684672631
90,9,1,19,540,1080,1690880441
91,9,0,19,189,378,2104469467
92,9,0,19,176,352,307060469
93,9,0,19,136,272,1322000974
94,9,1,19,620,1240,1622919275
95,9,0,19,192,384,1703596747
96,9,1,19,60,120,1683820606
97,9,0,19,31,62,881526268
98,9,0,19,157,314,282436481
99,9,0,19,89,178,399525297
0,0,0,20,194,388,1075335499
1,0,0,20,57,114,1837948514
2,0,0,20,141,282,1062083294
3,0,1,20,1460,2920,1511076159
4,0,0,20,195,390,627539784
5,0,0,20,199,398,7924848
6,0,0,20,131,262,403852789
7,0,0,20,128,256,1581706188
8,0,0,20,75,150,375198438
9,0,1,20,1230,2460,53578634
10,1,0,20,67,134,175711172
11,1,0,20,14,28,175495025
12,1,0,20,181,362,1640932260
13,1,0,20,157,314,676451433
14,1,0,20,20,40,1334603447
15,1,1,20,430,860,350475805
16,1,1,20,320,640,1321782145
17,1,1,20,200,400,1433485269
18,1,1,20,1310,2620,2126558688
19,1,1,20,800,1600,1971744902
20,2,0,20,153,306,1322524249
21,2,0,20,106,212,1942849840
22,2,0,20,88,176,346499664
23,2,1,20,1300,2600,320603777
24,2,0,20,46,92,1732839777
25,2,0,20,138,276,1523968680
26,2,0,20,63,126,700987077
27,2,0,20,88,176,517409968
28,2,0,20,75,150,737362479
29,2,1,20,510,1020,2040096262
30,3,0,20,177,354,737381049
31,3,0,20,35,70,1975717305
32,3,0,20,121,242,824799689
33,3,1,20,580,1160,381271360
34,3,0,20,22,44,1386780318
35,3,0,20,153,306,1903203788
36,3,0,20,190,380,638310487
37,3,0,20,130,260,1373051061
38,3,0,20,37,74,1803386216
39,3,0,20,0,0,985660536
40,4,0,20,57,114,1889646998
41,4,0,20,89,178,1483244904
42,4,0,20,32,64,864050413
43,4,1,20,350,700,1527304640
44,4,0,20,153,306,923311564
45,4,1,20,1680,3360,468372428
46,4,0,20,70,140,70126619
47,4,0,20,52,104,2007836282
48,4,0,20,74,148,1970495920
49,4,0,20,187,374,870417591
50,5,0,20,91,182,1304274594
51,5,0,20,101,202,738540722
52,5,0,20,10,20,400216644
53,5,0,20,137,274,1644271602
54,5,0,20,159,318,639554942
55,5,0,20,117,234,1195528465
56,5,0,20,96,192,804786049
57,5,0,20,5,10,2038845553
58,5,0,20,154,308,726506818
59,5,0,20,91,182,729087111
60,6,0,20,78,156,264419296
61,6,0,20,169,338,797180284
62,6,0,20,36,72,2058212740
63,6,0,20,90,180,874734161
64,6,0,20,140,280,475341307
65,6,0,20,42,84,584297387
66,6,0,20,29,58,371117433
67,6,0,20,152,304,333518711
68,6,0,20,169,338,541626036
69,6,0,20,147,294,1288844806
70,7,0,20,0,0,1157291495
71,7,0,20,5,10,122064368
72,7,0,20,102,204,1498978055
73,7,0,20,138,276,2078287648
74,7,1,20,1730,3460,1175283749
75,7,0,20,145,290,1228730098
76,7,0,20,121,242,426173466
77,7,0,20,44,88,2145091168
78,7,0,20,3,6,294399894
79,7,0,20,120,240,1511175377
80,8,1,20,920,1840,213709801
81,8,1,20,1830,3660,1943647949
82,8,0,20,178,356,1504219802
83,8,0,20,6,12,1779940698
84,8,0,20,48,96,1904582170
85,8,0,20,113,226,913828734
86,8,0,20,37,74,2083146336
87,8,0,20,53,106,1825449076
88,8,0,20,10,20,1290632273
89,8,0,20,157,314,686739690
90,9,1,20,320,640,1801760450
91,9,0,20,1,2,448167749
92,9,0,20,183,366,1143815244
93,9,0,20,91,182,372307312
94,9,1,20,830,1660,623686239
95,9,0,20,126,252,1835073697
96,9,1,20,1670,3340,704645862
97,9,0,20,99,198,2129429599
98,9,0,20,103,206,479651042
99,9,0,20,132,264,1696204512
0,0,0,21,125,250,1410899124
1,0,0,21,184,368,1611649894
2,0,0,21,91,182,646982374
3,0,1,21,1780,3560,886400364
4,0,0,21,119,238,1265798391
5,0,0,21,27,54,1773520026
6,0,0,21,194,388,161447384
7,0,0,21,161,322,448916032
8,0,0,21,56,112,1001772575
9,0,1,21,1640,3280,416583725
10,1,0,21,54,108,1984066368
11,1,0,21,113,226,1719210185
12,1,0,21,85,170,1089485596
13,1,0,21,106,212,145788032
14,1,0,21,136,272,1464604443
15,1,1,21,810,1620,1886966867
16,1,1,21,270,540,834776985
17,1,1,21,430,860,974376209
18,1,1,21,1820,3640,339837312
19,1,1,21,540,1080,765569145
20,2,0,21,93,186,1185610669
21,2,0,21,50,100,868323324
22,2,0,21,48,96,1019870498
23,2,1,21,1340,2680,1648624603
24,2,0,21,36,72,1034221761
25,2,0,21,91,182,1611690991
26,2,0,21,137,274,1008888061
27,2,0,21,29,58,956445109
28,2,0,21,37,74,1508375562
29,2,1,21,1250,2500,341205331
30,3,0,21,70,140,1388977021
31,3,0,21,106,212,1232014706
32,3,0,21,171,342,1860568774
33,3,1,21,1390,2780,1668984747
34,3,0,21,191,382,1601224602
35,3,0,21,78,156,258815312
36,3,0,21,79,158,436407709
37,3,0,21,149,298,151198619
38,3,0,21,130,260,490542278
39,3,0,21,46,92,1564911969
40,4,0,21,56,112,2136399761
41,4,0,21,134,268,1008423134
42,4,0,21,89,178,124962757
43,4,1,21,1620,3240,1096650127
44,4,0,21,192,384,1005591598
45,4,1,21,1450,2900,1540383733
46,4,0,21,48,96,1031284812
47,4,0,21,163,326,1570815652
48,4,0,21,25,50,1879187224
49,4,0,21,22,44,1194517520
50,5,0,21,27,54,1283407001
51,5,0,21,127,254,1118093367
52,5,0,21,51,102,646069804
53,5,0,21,58,116,1940384657
54,5,0,21,147,294,196817691
55,5,0,21,117,234,1545815834
56,5,0,21,189,378,1931531133
57,5,0,21,146,292,736898487
58,5,0,21,163,326,1561489731
59,5,0,21,77,154,1506746380
60,6,0,21,181,362,1544424873
61,6,0,21,88,176,949445413
62,6,0,21,80,160,162256501
63,6,0,21,129,258,320094412
64,6,0,21,89,178,2101085008
65,6,0,21,39,78,375987347
66,6,0,21,161,322,271695091
67,6,0,21,158,316,2130845234
68,6,0,21,77,154,640583658
69,6,0,21,158,316,448023295
70,7,0,21,7,14,1013567444
71,7,0,21,155,310,1839121008
72,7,0,21,198,396,404054804
73,7,0,21,81,162,1495921775
74,7,1,21,1640,3280,218971570
75,7,0,21,148,296,1129170136
76,7,0,21,165,330,2078000371
77,7,0,21,180,360,1449770439
78,7,0,21,91,182,272554823
79,7,0,21,186,372,1807469920
80,8,1,21,1040,2080,1755966945
81,8,1,21,380,760,1546415787
82,8,0,21,105,210,2031408266
83,8,0,21,77,154,1076373336
84,8,0,21,138,276,224895129
85,8,0,21,194,388,939984280
86,8,0,21,84,168,75335479
87,8,0,21,113,226,1540638429
88,8,0,21,153,306,450031409
89,8,0,21,162,324,1611966423
90,9,1,21,180,360,1185702962
91,9,0,21,14,28,1845579046
92,9,0,21,29,58,1984977234
93,9,0,21,148,296,1163626761
94,9,1,21,1270,2540,1928578196
95,9,0,21,108,216,591377363
96,9,1,21,290,580,102044459
97,9,0,21,67,134,102197695
98,9,0,21,105,210,1970187999
99,9,0,21,141,282,1359793533
0,0,0,22,173,346,858167537
1,0,0,22,36,72,1763560744
2,0,0,22,85,170,1410996412
3,0,1,22,210,420,413450554
4,0,0,22,196,392,612844745
5,0,0,22,158,316,1643333325
6,0,0,22,177,354,492234196
7,0,0,22,77,154,572993286
8,0,0,22,11,22,28448057
9,0,1,22,1370,2740,1987333391
10,1,0,22,136,272,524247414
11,1,0,22,114,228,513460316
12,1,0,22,93,186,1465116875
13,1,0,22,11,22,632711223
14,1,0,22,46,92,157136155
15,1,1,22,1300,2600,1106318137
16,1,1,22,1340,2680,1227392243
17,1,1,22,190,380,395983986
18,1,1,22,130,260,1261801387
19,1,1,22,560,1120,1093455212
20,2,0,22,186,372,1806230743
21,2,0,22,179,358,241955756
22,2,0,22,83,166,1415393483
23,2,1,22,1850,3700,1543668855
24,2,0,22,64,128,1404148164
25,2,0,22,60,120,1690679380
26,2,0,22,86,172,421698909
27,2,0,22,97,194,1082733104
28,2,0,22,44,88,15211807
29,2,1,22,1390,2780,164670000
30,3,0,22,65,130,2094279569
31,3,0,22,124,248,1725180429
32,3,0,22,169,338,543446953
33,3,1,22,930,1860,1332649220
34,3,0,22,156,312,429515129
35,3,0,22,7,14,1608865792
36,3,0,22,91,182,1213685907
37,3,0,22,83,166,169292936
38,3,0,22,76,152,2119113192
39,3,0,22,159,318,636262393
40,4,0,22,24,48,1308571970
41,4,0,22,16,32,1213978739
42,4,0,22,189,378,517893061
43,4,1,22,220,440,1930593930
44,4,0,22,129,258,137876473
45,4,1,22,190,380,1314037028
46,4,0,22,145,290,1602059660
47,4,0,22,19,38,581378233
48,4,0,22,90,180,1950869098
49,4,0,22,53,106,1736037685
50,5,0,22,127,254,291709215
51,5,0,22,131,262,324339506
52,5,0,22,4,8,1784468050
53,5,0,22,140,280,954633220
54,5,0,22,84,168,1641441614
55,5,0,22,179,358,143309089
56,5,0,22,128,256,1238668820
57,5,0,22,102,204,318206424
58,5,0,22,140,280,1784070990
59,5,0,22,30,60,908827117
60,6,0,22,22,44,1269534122
61,6,0,22,112,224,1238490626
62,6,0,22,102,204,271863190
63,6,0,22,129,258,1629836844
64,6,0,22,162,324,1806923934
65,6,0,22,83,166,2046369375
66,6,0,22,124,248,1804813846
67,6,0,22,80,160,1003190680
68,6,0,22,191,382,1761484729
69,6,0,22,106,212,1515947977
70,7,0,22,153,306,67640454
71,7,0,22,83,166,1068289616
72,7,0,22,157,314,180747613
73,7,0,22,140,280,1735316912
74,7,1,22,840,1680,2016758580
75,7,0,22,76,152,2033400817
76,7,0,22,112,224,1081867585
77,7,0,22,196,392,794512373
78,7,0,22,28,56,1564334312
79,7,0,22,70,140,872096114
80,8,1,22,490,980,856324357
81,8,1,22,1410,2820,140459073
82,8,0,22,16,32,2066306723
83,8,0,22,110,220,34900823
84,8,0,22,43,86,731288566
85,8,0,22,183,366,997182070
86,8,0,22,184,368,800315086
87,8,0,22,19,38,1918473144
88,8,0,22,91,182,236657207
89,8,0,22,122,244,1852532032
90,9,1,22,480,960,1438045995
91,9,0,22,171,342,1583293745
92,9,0,22,6,12,559475041
93,9,0,22,115,230,2093722602
94,9,1,22,780,1560,1286745906
95,9,0,22,149,298,573578006
96,9,1,22,480,960,1084936119
97,9,0,22,197,394,658446903
98,9,0,22,39,78,285856826
99,9,0,22,46,92,2071920937
0,0,0,23,17,34,186482274
1,0,0,23,27,54,238594150
2,0,0,23,26,52,342398203
3,0,1,23,1870,3740,460661706
4,0,0,23,83,166,1874082535
5,0,0,23,122,244,1137729100
6,0,0,23,187,374,1589080954
7,0,0,23,153,306,1652941552
8,0,0,23,143,286,365300350
9,0,1,23,510,1020,1925644614
10,1,0,23,163,326,534255645
11,1,0,23,156,312,1876650225
12,1,0,23,173,346,519172241
13,1,0,23,4,8,374906400
14,1,0,23,10,20,1650206907
15,1,1,23,470,940,1352793921
16,1,1,23,1310,2620,421479014
17,1,1,23,1290,2580,1414815659
18,1,1,23,1840,3680,1383935150
19,1,1,23,210,420,302876862
20,2,0,23,31,62,1348322512
21,2,0,23,196,392,780851126
22,2,0,23,118,236,837481518
23,2,1,23,1790,3580,1812709267
24,2,0,23,29,58,769322412
25,2,0,23,199,398,1935891251
26,2,0,23,86,172,612220301
27,2,0,23,138,276,174337613
28,2,0,23,173,346,1016939321
29,2,1,23,650,1300,1145912612
30,3,0,23,36,72,1524373217
31,3,0,23,114,228,112896337
32,3,0,23,41,82,2078430682
33,3,1,23,1200,2400,1251710845
34,3,0,23,143,286,701200693
35,3,0,23,54,108,1351641216
36,3,0,23,173,346,79250984
37,3,0,23,95,190,1234219860
38,3,0,23,13,26,1021075191
39,3,0,23,150,300,750060164
40,4,0,23,39,78,224961679
41,4,0,23,4,8,1852212549
42,4,0,23,92,184,1379177731
43,4,1,23,1310,2620,546385887
44,4,0,23,35,70,1663663253
45,4,1,23,1590,3180,1946859370
46,4,0,23,155,310,1877315572
47,4,0,23,53,106,410563868
48,4,0,23,78,156,645270014
49,4,0,23,102,204,1874086482
50,5,0,23,41,82,1541748099
51,5,0,23,187,374,2000328806
52,5,0,23,7,14,1046975522
53,5,0,23,33,66,2091189511
54,5,0,23,178,356,390969468
55,5,0,23,107,214,1395138868
56,5,0,23,55,110,1226465476
57,5,0,23,95,190,1266943339
58,5,0,23,97,194,225566953
59,5,0,23,99,198,1879977683
60,6,0,23,55,110,1370888023
61,6,0,23,68,136,1664666015
62,6,0,23,149,298,793345131
63,6,0,23,19,38,103020129
64,6,0,23,198,396,286159367
65,6,0,23,89,178,127016528
66,6,0,23,90,180,1843046157
67,6,0,23,81,162,481681018
68,6,0,23,86,172,778552213
69,6,0,23,139,278,1054256523
70,7,0,23,52,104,1019174110
71,7,0,23,39,78,1352789777
72,7,0,23,179,358,503842191
73,7,0,23,64,128,1676581684
74,7,1,23,290,580,833124082
75,7,0,23,111,222,1617976863
76,7,0,23,46,92,620145316
77,7,0,23,168,336,690888543
78,7,0,23,39,78,177238088
79,7,0,23,158,316,1027996545
80,8,1,23,1470,2940,1271851927
81,8,1,23,1920,3840,697567175
82,8,0,23,121,242,783185419
83,8,0,23,187,374,715130913
84,8,0,23,32,64,176745026
85,8,0,23,198,396,958746232
86,8,0,23,38,76,509666486
87,8,0,23,112,224,216540580
88,8,0,23,27,54,1499889319
89,8,0,23,134,268,1120833930
90,9,1,23,1060,2120,1298528890
91,9,0,23,40,80,226551743
92,9,0,23,161,322,1978544486
93,9,0,23,108,216,570691888
94,9,1,23,720,1440,799339895
95,9,0,23,89,178,1045531567
96,9,1,23,1590,3180,1515043514
97,9,0,23,32,64,1476424597
98,9,0,23,64,128,1954009829
99,9,0,23,86,172,945962898
0,0,0,24,56,112,1565757263
1,0,0,24,83,166,956742339
2,0,0,24,168,336,1555981257
3,0,1,24,1080,2160,732087759
4,0,0,24,155,310,7522328
5,0,0,24,174,348,1139434351
6,0,0,24,101,202,1545782684
7,0,0,24,16,32,1153252955
8,0,0,24,158,316,1441486585
9,0,1,24,380,760,1714603135
10,1,0,24,95,190,443944046
11,1,0,24,163,326,2146918334
12,1,0,24,142,284,449168278
13,1,0,24,109,218,573522803
14,1,0,24,91,182,968082342
15,1,1,24,470,940,1262862957
16,1,1,24,1090,2180,2115308357
17,1,1,24,1880,3760,945952230
18,1,1,24,1150,2300,2016575498
19,1,1,24,1410,2820,312000291
20,2,0,24,6,12,715879688
21,2,0,24,174,348,208563119
22,2,0,24,181,362,444767991
23,2,1,24,290,580,35599865
24,2,0,24,163,326,1989549543
25,2,0,24,130,260,27216723
26,2,0,24,80,160,1589935783
27,2,0,24,149,298,69404761
28,2,0,24,57,114,1379087298
29,2,1,24,1830,3660,307634605
30,3,0,24,13,26,808506308
31,3,0,24,165,330,1595874987
32,3,0,24,166,332,1419014927
33,3,1,24,490,980,1303465268
34,3,0,24,123,246,1257522346
35,3,0,24,130,260,147643971
36,3,0,24,62,124,344467309
37,3,0,24,19,38,1120975819
38,3,0,24,151,302,1599772105
39,3,0,24,114,228,2146059868
40,4,0,24,14,28,99744585
41,4,0,24,153,306,699280453
42,4,0,24,176,352,724064387
43,4,1,24,740,1480,608767811
44,4,0,24,63,126,755404078
45,4,1,24,830,1660,1359059941
46,4,0,24,169,338,932857078
47,4,0,24,171,342,1486518502
48,4,0,24,173,346,114445871
49,4,0,24,173,346,1975852605
50,5,0,24,11,22,1558593126
51,5,0,24,109,218,184528825
52,5,0,24,96,192,729052706
53,5,0,24,132,264,1973832158
54,5,0,24,11,22,427399665
55,5,0,24,68,136,2052456074
56,5,0,24,65,130,1458322891
57,5,0,24,120,240,1501366496
58,5,0,24,16,32,1338044837
59,5,0,24,103,206,2143247369
60,6,0,24,150,300,268517728
61,6,0,24,98,196,129254716
62,6,0,24,133,266,1671025516
63,6,0,24,80,160,418350873
64,6,0,24,85,170,502417215
65,6,0,24,132,264,8851899
66,6,0,24,111,222,535929519
67,6,0,24,27,54,2125522204
68,6,0,24,96,192,1229620833
69,6,0,24,180,360,1777350034
70,7,0,24,135,270,666257055
71,7,0,24,77,154,1143377084
72,7,0,24,72,144,317565932
73,7,0,24,77,154,334103055
74,7,1,24,540,1080,1594748970
75,7,0,24,149,298,896202502
76,7,0,24,167,334,1507838722
77,7,0,24,53,106,821537722
78,7,0,24,117,234,1453480842
79,7,0,24,18,36,88000450
80,8,1,24,80,160,976862217
81,8,1,24,430,860,302404804
82,8,0,24,144,288,619060494
83,8,0,24,43,86,1395486910
84,8,0,24,164,328,177497070
85,8,0,24,152,304,242850161
86,8,0,24,99,198,694330671
87,8,0,24,186,372,1758095526
88,8,0,24,85,170,1105791603
89,8,0,24,1,2,1158773070
90,9,1,24,1400,2800,183164444
91,9,0,24,95,190,757453013
92,9,0,24,75,150,2141439218
93,9,0,24,50,100,111979466
94,9,1,24,520,1040,273488465
95,9,0,24,197,394,437833081
96,9,1,24,680,1360,871980404
97,9,0,24,134,268,417914349
98,9,0,24,161,322,1893777658
99,9,0,24,92,184,368258602
0,0,0,25,186,372,1881466667
1,0,0,25,61,122,305753748
2,0,0,25,125,250,2059571832
3,0,1,25,410,820,338959007
4,0,0,25,153,306,833315523
5,0,0,25,108,216,857021977
6,0,0,25,85,170,1337009626
7,0,0,25,62,124,109900388
8,0,0,25,120,240,2142731738
9,0,1,25,1150,2300,1788887242
10,1,0,25,31,62,124554260
11,1,0,25,166,332,2028451924
12,1,0,25,118,236,958489736
13,1,0,25,58,116,1617362706
14,1,0,25,155,310,626671554
15,1,1,25,30,60,1481084005
16,1,1,25,1710,3420,230617759
17,1,1,25,1480,2960,438886439
18,1,1,25,1280,2560,1406874404
19,1,1,25,1540,3080,1674831123
20,2,0,25,154,308,1303814052
21,2,0,25,10,20,1682563165
22,2,0,25,170,340,1858532695
23,2,1,25,970,1940,1590568251
24,2,0,25,121,242,319462008
25,2,0,25,74,148,487237771
26,2,0,25,164,328,1229491893
27,2,0,25,96,192,965643458
28,2,0,25,106,212,498378174
29,2,1,25,170,340,621095748
30,3,0,25,195,390,1141554523
31,3,0,25,197,394,775253535
32,3,0,25,173,346,1972882652
33,3,1,25,1130,2260,1071602251
34,3,0,25,117,234,1631044342
35,3,0,25,8,16,397522209
36,3,0,25,50,100,1070739151
37,3,0,25,33,66,300565993
38,3,0,25,67,134,1056627576
39,3,0,25,0,0,457278352
40,4,0,25,65,130,615752239
41,4,0,25,63,126,1505000651
42,4,0,25,94,188,412334262
43,4,1,25,270,540,1895718642
44,4,0,25,76,152,2057833175
45,4,1,25,750,1500,1557056580
46,4,0,25,147,294,301540270
47,4,0,25,127,254,216145845
48,4,0,25,157,314,167389115
49,4,0,25,104,208,542273008
50,5,0,25,13,26,1345386712
51,5,0,25,174,348,77113491
52,5,0,25,5,10,553841715
53,5,0,25,193,386,594553668
54,5,0,25,44,88,1619492047
55,5,0,25,155,310,547934698
56,5,0,25,139,278,35590700
57,5,0,25,106,212,1292924011
58,5,0,25,131,262,295842913
59,5,0,25,79,158,399240111
60,6,0,25,84,168,296894018
61,6,0,25,117,234,201424624
62,6,0,25,111,222,1905026512
63,6,0,25,50,100,1067689772
64,6,0,25,81,162,1556524971
65,6,0,25,75,150,738624086
66,6,0,25,194,388,1850791144
67,6,0,25,103,206,823386329
68,6,0,25,72,144,1133061803
69,6,0,25,52,104,575689126
70,7,0,25,65,130,1951538757
71,7,0,25,176,352,1814286923
72,7,0,25,99,198,1765171321
73,7,0,25,85,170,1565181725
74,7,1,25,720,1440,1177154187
75,7,0,25,72,144,1327239073
76,7,0,25,31,62,986383356
77,7,0,25,96,192,129089390
78,7,0,25,184,368,1361969206
79,7,0,25,154,308,1303442587
80,8,1,25,1940,3880,1057498613
81,8,1,25,490,980,1966152513
82,8,0,25,3,6,110772793
83,8,0,25,191,382,2089838022
84,8,0,25,9,18,2047805116
85,8,0,25,143,286,939516342
86,8,0,25,79,158,214503475
87,8,0,25,147,294,1098569754
88,8,0,25,190,380,502486032
89,8,0,25,174,348,1491719670
90,9,1,25,1940,3880,118398784
91,9,0,25,159,318,1748530561
92,9,0,25,32,64,285307740
93,9,0,25,74,148,563521121
94,9,1,25,420,840,1822869188
95,9,0,25,133,266,949957110
96,9,1,25,1610,3220,917993218
97,9,0,25,80,160,1786516178
98,9,0,25,20,40,720889235
99,9,0,25,72,144,1785289881
0,0,0,26,190,380,290221035
1,0,0,26,117,234,243782124
2,0,0,26,123,246,1026538711
3,0,1,26,60,120,1700898998
4,0,0,26,29,58,901625324
5,0,0,26,181,362,965358208
6,0,0,26,36,72,47142675
7,0,0,26,159,318,1743259362
8,0,0,26,170,340,175789747
9,0,1,26,300,600,2037380866
10,1,0,26,7,14,477463609
11,1,0,26,72,144,1031889694
12,1,0,26,51,102,1566094619
13,1,0,26,86,172,1473174369
14,1,0,26,165,330,1724378227
15,1,1,26,170,340,1865232792
16,1,1,26,900,1800,460997966
17,1,1,26,160,320,443948006
18,1,1,26,1090,2180,519980392
19,1,1,26,130,260,690736727
20,2,0,26,123,246,303981895
21,2,0,26,128,256,777737738
22,2,0,26,110,220,1992411522
23,2,1,26,1310,2620,721309619
24,2,0,26,189,378,1736120683
25,2,0,26,128,256,758535473
26,2,0,26,186,372,2066121721
27,2,0,26,110,220,499803278
28,2,0,26,24,48,2090567876
29,2,1,26,200,400,501930689
30,3,0,26,165,330,1811469391
31,3,0,26,77,154,1354597524
32,3,0,26,0,0,931449886
33,3,1,26,150,300,104161324
34,3,0,26,164,328,1744265076
35,3,0,26,194,388,565978686
36,3,0,26,35,70,199721660
37,3,0,26,62,124,1227935805
38,3,0,26,39,78,1748142533
39,3,0,26,199,398,1092465615
40,4,0,26,189,378,431803802
41,4,0,26,181,362,1397486722
42,4,0,26,167,334,1484485837
43,4,1,26,1890,3780,336902055
44,4,0,26,66,132,1804046678
45,4,1,26,370,740,1298927761
46,4,0,26,123,246,1499226963
47,4,0,26,146,292,1721274003
48,4,0,26,128,256,1010634230
49,4,0,26,57,114,1163895214
50,5,0,26,29,58,1119204362
51,5,0,26,21,42,2127470283
52,5,0,26,18,36,131635426
53,5,0,26,40,80,459917342
54,5,0,26,136,272,872192117
55,5,0,26,161,322,671350315
56,5,0,26,196,392,1892849340
57,5,0,26,114,228,125503942
58,5,0,26,31,62,2073406078
59,5,0,26,114,228,949309906
60,6,0,26,78,156,1178306369
61,6,0,26,146,292,475872124
62,6,0,26,123,246,852182064
63,6,0,26,126,252,895685353
64,6,0,26,31,62,778726327
65,6,0,26,139,278,1791442767
66,6,0,26,77,154,2143176816
67,6,0,26,50,100,1081741749
68,6,0,26,101,202,1873135464
69,6,0,26,178,356,1755112605
70,7,0,26,158,316,97266952
71,7,0,26,158,316,1584744695
72,7,0,26,20,40,469670543
73,7,0,26,72,144,307205839
74,7,1,26,1010,2020,1807660
75,7,0,26,103,206,1020371581
76,7,0,26,142,284,153337082
77,7,0,26,73,146,1503399694
78,7,0,26,84,168,1204757806
79,7,0,26,123,246,22318226
80,8,1,26,1080,2160,1553717246
81,8,1,26,680,1360,749760516
82,8,0,26,66,132,1831635706
83,8,0,26,14,28,436338076
84,8,0,26,171,342,272795150
85,8,0,26,89,178,1224158578
86,8,0,26,25,50,993850202
87,8,0,26,23,46,197064959
88,8,0,26,116,232,665798157
89,8,0,26,146,292,649152584
90,9,1,26,1530,3060,1161827710
91,9,0,26,26,52,274869384
92,9,0,26,15,30,499797826
93,9,0,26,29,58,413325166
94,9,1,26,520,1040,1021928125
95,9,0,26,55,110,2022018441
96,9,1,26,1480,2960,1052193546
97,9,0,26,104,208,132755542
98,9,0,26,117,234,1896042802
99,9,0,26,30,60,256437963
0,0,0,27,37,74,833296667
1,0,0,27,118,236,184787492
2,0,0,27,66,132,538951033
3,0,1,27,1920,3840,477858561
4,0,0,27,142,284,896701508
5,0,0,27,141,282,1696437422
6,0,0,27,182,364,166846527
7,0,0,27,66,132,379835533
8,0,0,27,49,98,987296026
9,0,1,27,220,440,1875861988
10,1,0,27,159,318,2142657090
11,1,0,27,92,184,707182431
12,1,0,27,8,16,2133591470
13,1,0,27,42,84,1584342145
14,1,0,27,35,70,886746348
15,1,1,27,900,1800,1497671298
16,1,1,27,630,1260,1041603056
17,1,1,27,140,280,33527894
18,1,1,27,60,120,1911971452
19,1,1,27,1480,2960,1619051253
20,2,0,27,129,258,1197471599
21,2,0,27,97,194,1859968459
22,2,0,27,191,382,1552981973
23,2,1,27,1640,3280,315688107
24,2,0,27,40,80,473998517
25,2,0,27,150,300,915770509
26,2,0,27,60,120,45064177
27,2,0,27,48,96,1154989323
28,2,0,27,55,110,1246610163
29,2,1,27,620,1240,1888290156
30,3,0,27,54,108,1731115793
31,3,0,27,147,294,1243886791
32,3,0,27,159,318,578921146
33,3,1,27,210,420,1169883695
34,3,0,27,36,72,1511707987
35,3,0,27,173,346,31589791
36,3,0,27,158,316,781944792
37,3,0,27,101,202,1060804393
38,3,0,27,69,138,1812580255
39,3,0,27,81,162,97889221
40,4,0,27,105,210,2019987849
41,4,0,27,142,284,1160550086
42,4,0,27,64,128,573478103
43,4,1,27,930,1860,2023988174
44,4,0,27,146,292,747773477
45,4,1,27,1990,3980,936082759
46,4,0,27,3,6,782209634
47,4,0,27,18,36,594580888
48,4,0,27,170,340,487742687
49,4,0,27,110,220,1189123409
50,5,0,27,198,396,839215489
51,5,0,27,79,158,1917405592
52,5,0,27,61,122,519245016
53,5,0,27,121,242,610476180
54,5,0,27,131,262,878666972
55,5,0,27,16,32,908868262
56,5,0,27,32,64,1285478809
57,5,0,27,3,6,2143051740
58,5,0,27,2,4,1981330180
59,5,0,27,146,292,1946154197
60,6,0,27,60,120,2100157910
61,6,0,27,130,260,716827897
62,6,0,27,108,216,84584642
63,6,0,27,41,82,1445146813
64,6,0,27,4,8,885512676
65,6,0,27,142,284,1132260507
66,6,0,27,155,310,695682798
67,6,0,27,14,28,19104915
68,6,0,27,138,276,1273673486
69,6,0,27,183,366,1178578480
70,7,0,27,41,82,1639271545
71,7,0,27,31,62,2073171691
72,7,0,27,118,236,606140016
73,7,0,27,93,186,361616151
74,7,1,27,580,1160,1691516718
75,7,0,27,168,336,1108470624
76,7,0,27,145,290,945484268
77,7,0,27,55,110,20355389
78,7,0,27,42,84,443326070
79,7,0,27,89,178,1093701109
80,8,1,27,1750,3500,2055745520
81,8,1,27,1500,3000,1771161107
82,8,0,27,153,306,1381445543
83,8,0,27,12,24,1147842756
84,8,0,27,170,340,363097925
85,8,0,27,33,66,829796003
86,8,0,27,106,212,737012826
87,8,0,27,22,44,1056282586
88,8,0,27,103,206,23072524
89,8,0,27,186,372,1715231692
90,9,1,27,120,240,303788675
91,9,0,27,194,388,1337459847
92,9,0,27,117,234,413799150
93,9,0,27,161,322,1266561256
94,9,1,27,1840,3680,1857656880
95,9,0,27,42,84,803874543
96,9,1,27,750,1500,1360498329
97,9,0,27,34,68,1891567999
98,9,0,27,188,376,636467074
99,9,0,27,143,286,531973548
0,0,0,28,155,310,576078967
1,0,0,28,74,148,1461321102
2,0,0,28,176,352,651679722
3,0,1,28,1690,3380,1449639238
4,0,0,28,166,332,1449769963
5,0,0,28,162,324,2049620057
6,0,0,28,187,374,1822520800
7,0,0,28,157,314,1305090264
8,0,0,28,169,338,1570703730
9,0,1,28,1180,2360,295281311
10,1,0,28,63,126,604881116
11,1,0,28,46,92,80084577
12,1,0,28,69,138,960812411
13,1,0,28,123,246,166182505
14,1,0,28,152,304,1596758452
15,1,1,28,810,1620,1529252395
16,1,1,28,1610,3220,828375368
17,1,1,28,1020,2040,1816374025
18,1,1,28,680,1360,277509423
19,1,1,28,620,1240,1675166586
20,2,0,28,34,68,1245077273
21,2,0,28,187,374,1719659619
22,2,0,28,133,266,1067478333
23,2,1,28,760,1520,1855557131
24,2,0,28,10,20,826587528
25,2,0,28,72,144,1585651917
26,2,0,28,30,60,559858203
27,2,0,28,111,222,1711320300
28,2,0,28,190,380,1642185442
29,2,1,28,1960,3920,1545168394
30,3,0,28,58,116,1138683350
31,3,0,28,182,364,5610914
32,3,0,28,165,330,1752041166
33,3,1,28,920,1840,1859976701
34,3,0,28,63,126,735353868
35,3,0,28,88,176,1863817804
36,3,0,28,165,330,2114963151
37,3,0,28,116,232,161202789
38,3,0,28,32,64,2076856876
39,3,0,28,41,82,2138680244
40,4,0,28,110,220,992582777
41,4,0,28,99,198,1328577961
42,4,0,28,148,296,1001550136
43,4,1,28,780,1560,334432885
44,4,0,28,170,340,1998624514
45,4,1,28,280,560,1868185918
46,4,0,28,1,2,998042188
47,4,0,28,82,164,497264770
48,4,0,28,157,314,1129223685
49,4,0,28,1,2,638515390
50,5,0,28,13,26,800087764
51,5,0,28,192,384,1498715049
52,5,0,28,11,22,1368332521
53,5,0,28,63,126,1659120229
54,5,0,28,4,8,188728133
55,5,0,28,141,282,292400507
56,5,0,28,119,238,1614041476
57,5,0,28,65,130,2083935143
58,5,0,28,56,112,1002039548
59,5,0,28,70,140,475488456
60,6,0,28,5,10,1337478700
61,6,0,28,127,254,413570235
62,6,0,28,20,40,377081092
63,6,0,28,86,172,1428267333
64,6,0,28,140,280,1750868773
65,6,0,28,185,370,2123812174
66,6,0,28,18,36,357252506
67,6,0,28,115,230,1083729182
68,6,0,28,113,226,651655035
69,6,0,28,30,60,1805125617
70,7,0,28,189,378,738398340
71,7,0,28,66,132,1424595846
72,7,0,28,192,384,227238164
73,7,0,28,117,234,406998120
74,7,1,28,1010,2020,1614533847
75,7,0,28,128,256,935827733
76,7,0,28,141,282,1758297944
77,7,0,28,124,248,1063733767
78,7,0,28,23,46,938224737
79,7,0,28,174,348,225042726
80,8,1,28,800,1600,1530581796
81,8,1,28,660,1320,1443625584
82,8,0,28,116,232,1223943158
83,8,0,28,20,40,629383166
84,8,0,28,100,200,1189726572
85,8,0,28,151,302,1553581515
86,8,0,28,0,0,2063500991
87,8,0,28,61,122,1258772290
88,8,0,28,59,118,87099957
89,8,0,28,157,314,36558953
90,9,1,28,530,1060,1448551431
91,9,0,28,124,248,1620326608
92,9,0,28,93,186,998540560
93,9,0,28,29,58,756993999
94,9,1,28,740,1480,1403526562
95,9,0,28,91,182,2039013579
96,9,1,28,880,1760,1195520135
97,9,0,28,181,362,1881932373
98,9,0,28,36,72,722951595
99,9,0,28,151,302,469640556
0,0,0,29,181,362,983077686
1,0,0,29,4,8,1488339564
2,0,0,29,140,280,122592429
3,0,1,29,300,600,1585623606
4,0,0,29,148,296,870395208
5,0,0,29,9,18,1235010508
6,0,0,29,141,282,1100457649
7,0,0,29,93,186,1886824461
8,0,0,29,165,330,1116330853
9,0,1,29,230,460,1949336282
10,1,0,29,24,48,873627970
11,1,0,29,30,60,1614011940
12,1,0,29,170,340,717842929
13,1,0,29,84,168,541607216
14,1,0,29,197,394,1944958916
15,1,1,29,1620,3240,1494707541
16,1,1,29,790,1580,983256815
17,1,1,29,400,800,1833894117
18,1,1,29,850,1700,1787572372
19,1,1,29,850,1700,46916455
20,2,0,29,120,240,1902421187
21,2,0,29,129,258,1118167095
22,2,0,29,194,388,1607326473
23,2,1,29,1520,3040,36689899
24,2,0,29,80,160,1749796433
25,2,0,29,60,120,2001270897
26,2,0,29,164,328,3971897
27,2,0,29,92,184,1441738384
28,2,0,29,81,162,1516300998
29,2,1,29,210,420,752909700
30,3,0,29,127,254,157058447
31,3,0,29,108,216,62667219
32,3,0,29,170,340,725628648
33,3,1,29,170,340,2014485601
34,3,0,29,141,282,1197186666
35,3,0,29,197,394,597303897
36,3,0,29,32,64,1638075123
37,3,0,29,90,180,991444592
38,3,0,29,129,258,1396927123
39,3,0,29,7,14,663157405
40,4,0,29,96,192,1801418630
41,4,0,29,118,236,1038360003
42,4,0,29,141,282,783446540
43,4,1,29,1660,3320,854435948
44,4,0,29,64,128,190628304
45,4,1,29,30,60,1057306038
46,4,0,29,146,292,1583801606
47,4,0,29,170,340,446570114
48,4,0,29,53,106,715596659
49,4,0,29,122,244,815321999
50,5,0,29,67,134,151410451
51,5,0,29,5,10,482873963
52,5,0,29,176,352,1738673420
53,5,0,29,180,360,223307285
54,5,0,29,138,276,266183843
55,5,0,29,56,112,1144106433
56,5,0,29,10,20,624176427
57,5,0,29,13,26,544832477
58,5,0,29,86,172,1743268895
59,5,0,29,46,92,1095520674
60,6,0,29,21,42,600915277
61,6,0,29,68,136,126926656
62,6,0,29,145,290,1466389546
63,6,0,29,107,214,1274462391
64,6,0,29,20,40,33253089
65,6,0,29,165,330,1699840320
66,6,0,29,8,16,457319338
67,6,0,29,101,202,29135766
68,6,0,29,39,78,388473506
69,6,0,29,84,168,940246522
70,7,0,29,68,136,371401067
71,7,0,29,16,32,1585225590
72,7,0,29,18,36,34252497
73,7,0,29,106,212,524580028
74,7,1,29,1390,2780,1781073544
75,7,0,29,122,244,2112547663
76,7,0,29,137,274,1526109736
77,7,0,29,14,28,369523954
78,7,0,29,19,38,867515053
79,7,0,29,115,230,1585245422
80,8,1,29,1650,3300,1140438044
81,8,1,29,1580,3160,535454113
82,8,0,29,74,148,23540078
83,8,0,29,12,24,111788744
84,8,0,29,14,28,1218770027
85,8,0,29,199,398,1129975421
86,8,0,29,47,94,1067935581
87,8,0,29,38,76,443406316
88,8,0,29,197,394,382533054
89,8,0,29,50,100,761850841
90,9,1,29,1820,3640,1291948581
91,9,0,29,91,182,95459810
92,9,0,29,62,124,1537997266
93,9,0,29,10,20,748761771
94,9,1,29,30,60,1020525836
95,9,0,29,130,260,2001257038
96,9,1,29,810,1620,1507703435
97,9,0,29,65,130,63408133
98,9,0,29,158,316,1734008076
99,9,0,29,83,166,674605235
